0.000092
0.004039
0.008805
0.000019
0.000130
0.000013
0.005859
0.000594
0.000183
0.019749
0.000115
0.000665
0.002922
0.000062
0.002655
0.000871
0.000291
0.000338
0.006656
0.082743
0.003958
0.000144
0.001811
0.001564
0.040912
0.000400
0.000033
0.000664
0.000298
0.007082
0.000195
0.002921
0.177830
0.012794
0.000229
0.000197
0.000868
0.000787
0.027597
0.001428
0.046317
0.000010
0.032458
0.019409
0.000596
0.002008
0.000073
0.000080
0.005482
0.000204
0.031708
0.000025
0.020257
0.000015
0.001118
0.000733
0.023445
0.000572
0.000025
0.000017
0.002380
0.000071
0.010696
0.085284
0.010813
0.000009
0.001849
0.063929
0.000458
0.000418
0.059287
0.497026
0.001351
0.000185
0.443429
0.000163
0.013890
0.000991
0.000012
0.002207
0.000082
0.005319
0.004627
0.019680
0.000018
0.000040
0.002036
0.000349
0.001144
0.032457
0.000029
0.000443
0.008347
0.000033
0.004566
0.000007
0.000109
0.009593
0.000047
0.000673
0.000616
0.000115
0.006008
0.000307
0.002215
0.023186
0.000020
0.008850
0.004752
0.000067
0.000005
0.027359
0.000018
0.000803
0.000234
0.134984
0.016499
0.033267
0.000256
0.035041
0.019880
0.000794
0.000220
0.000015
0.000047
0.004968
0.000047
0.000027
0.000555
0.000020
0.002250
0.001072
0.000805
0.000053
0.001547
0.000081
0.000071
0.074500
0.032837
0.350687
0.001226
0.000017
0.001454
0.000232
0.003597
0.010918
0.000082
0.073552
0.000050
0.000375
0.001278
0.000110
0.013170
0.000209
0.000048
0.000348
0.021746
0.056595
0.000010
0.025193
0.029162
0.000170
0.000259
0.052235
0.009514
0.000084
0.028995
0.004433
0.003474
0.000024
0.004085
0.002532
0.004595
0.007542
0.001848
0.000037
0.000006
0.000107
0.000888
0.038579
0.001518
0.011597
0.000303
0.000061
0.000020
0.000015
0.000533
0.005065
0.000338
0.009338
0.000009
0.000048
0.001041
0.005804
0.000128
0.007035
0.000127
0.002984
0.040265
0.002054
0.072066
0.032104
0.528611
0.000223
0.000081
0.001202
0.000017
0.005740
0.000393
0.000475
0.000264
0.000024
0.081490
0.000177
0.013447
0.000277
0.012432
0.027903
0.000235
0.000200
0.006669
0.000924
0.014705
0.002825
0.015389
0.000056
0.000063
0.002259
0.000077
0.109962
0.003787
0.478053
0.000278
0.092166
0.000050
0.000086
0.041417
0.000149
0.139207
0.000632
0.000162
0.007689
0.000012
0.007961
0.000281
0.005007
0.000513
0.000039
0.000016
0.000988
0.000561
0.000065
0.007104
0.000250
0.003915
0.000116
0.001151
0.000391
0.000008
0.000056
0.000211
0.019204
0.034603
0.000025
0.000137
0.002092
0.041380
0.010411
0.000170
0.000542
0.000008
0.000187
0.000046
0.000152
0.000025
0.000021
0.000012
0.000237
0.000078
0.000174
0.000576
0.001326
0.000155
0.001784
0.000143
0.012661
0.038972
0.000151
0.004870
0.000025
0.000249
0.000111
0.000008
0.000009
0.000249
0.001374
0.011481
0.000527
0.000007
0.007813
0.000077
0.005865
0.000139
0.064702
0.005670
0.000105
0.000089
0.000124
0.067116
0.045683
0.000191
0.000098
0.000048
0.000467
0.000121
0.000056
0.000093
0.021810
0.000010
0.001406
0.000117
0.001109
0.001716
0.002033
0.005432
0.000108
0.059068
0.004052
0.054032
0.000014
0.015190
0.000695
0.040624
0.002590
0.004087
0.000038
0.009269
0.000047
0.000038
0.009893
0.016511
0.000035
0.001893
0.002346
0.015895
0.000156
0.003503
0.005760
0.002537
0.013378
0.000092
0.000381
0.000108
0.000251
0.038008
0.000099
0.005044
0.000136
0.006911
0.003910
0.006984
0.000732
0.011329
0.002925
0.000819
0.000204
0.000191
0.000693
0.000261
0.001856
0.011699
0.000021
0.000051
0.000035
0.001185
0.000112
0.003723
0.015237
0.014244
0.097496
0.097909
0.000127
0.000062
0.000913
0.000036
0.000173
0.003352
0.000158
0.000019
0.000195
0.000259
0.055478
0.003853
0.000092
0.000097
0.001986
0.082303
0.000013
0.000519
0.158794
0.000202
0.002482
0.002158
0.000019
0.000745
0.001284
0.771392
0.000021
0.000025
0.000083
0.001385
0.000022
0.000015
0.036647
0.000026
0.008329
0.025850
0.000029
0.000050
0.004083
0.001997
0.000036
0.007635
0.014145
0.004146
0.004793
0.317026
0.005323
0.006475
0.007495
0.000104
0.000953
0.014801
0.036681
0.046649
0.000482
0.000049
0.002818
0.001786
0.001407
0.002585
0.000624
0.015950
0.019261
0.001745
0.000959
0.002278
0.000018
0.009670
0.000171
0.000024
0.000205
0.000112
0.000663
0.014120
0.000534
0.005128
0.029717
0.000390
0.010275
0.019301
0.000064
0.065066
0.002103
0.003100
0.000104
0.067225
0.021587
0.000043
0.000008
0.005801
0.005687
0.000044
0.000055
0.002353
0.000031
0.000024
0.000711
0.000034
0.018455
0.000153
0.000122
0.000011
0.002508
0.002305
0.003177
0.000059
0.004428
0.000028
0.007559
0.000037
0.000480
0.000010
0.000260
0.000589
0.006364
0.012752
0.000662
0.000016
0.015032
0.000039
0.137150
0.084723
0.000275
0.046416
0.010786
0.000248
0.000058
0.000144
0.000031
0.000015
0.001179
0.000224
0.002825
0.000022
0.000172
0.206717
0.000030
0.008446
0.000012
0.000204
0.000013
0.023861
0.000040
0.008074
0.000037
0.003104
0.017922
0.002823
0.000278
0.004464
0.007343
0.031096
0.004013
0.000016
0.002301
0.000058
0.042151
0.006164
0.001017
0.003494
0.000063
0.000497
0.000117
0.000024
0.000059
0.000166
0.000010
0.000024
0.000109
0.000236
0.001596
0.005279
0.002555
0.048092
0.008968
0.001465
0.000167
0.000012
0.000030
0.000399
0.002086
0.001084
0.027516
0.000155
0.000531
0.000406
0.014135
0.000298
0.000314
0.000494
0.000380
0.000021
0.001221
0.012371
0.000075
0.001647
0.005596
0.000122
0.003298
0.000215
0.026671
0.002224
0.002843
0.001361
0.000397
0.000023
0.000054
0.000036
0.000257
0.000081
0.000459
0.000018
0.007235
0.000180
0.002830
0.000034
0.000030
0.000019
0.005442
0.000040
0.001620
0.001487
0.000091
0.000027
0.000035
0.008137
0.036497
0.001065
0.000106
0.004067
0.000552
0.067169
0.000009
0.000724
0.001912
0.000361
0.004613
0.004316
0.118273
0.008921
0.000483
0.000043
0.000018
0.004548
0.007963
0.000197
0.000027
0.000636
0.010405
0.000080
0.005735
0.000914
0.013021
0.012331
0.000099
0.000538
0.000048
0.001621
0.000266
0.000266
0.002081
0.001574
0.000449
0.002855
0.034504
0.168481
0.001474
0.006956
0.000096
0.000077
0.044392
0.015226
0.006227
0.001027
0.011051
0.000159
0.000257
0.014378
0.002668
0.710357
0.013376
0.000090
0.132264
0.303248
0.001053
0.009073
0.000366
0.000570
0.000062
0.007239
0.000050
0.002978
0.000590
0.262209
0.059997
0.000073
0.043628
0.000053
0.000402
0.000016
0.000151
0.000020
0.005959
0.107422
0.000393
0.001389
0.000704
0.001375
0.019946
0.004679
0.000520
0.000221
0.037524
0.000268
0.000029
0.337983
0.001559
0.008129
0.000093
0.000038
0.110527
0.013059
0.000239
0.030943
0.000125
0.004670
0.002733
0.018367
1.224377
0.000878
0.000046
0.000013
0.000226
0.007755
0.005552
0.056228
0.000040
0.000011
0.010206
0.000040
0.000075
0.391127
0.077064
0.000182
0.000210
0.070542
0.000453
0.079273
0.078000
0.053205
0.000222
5.921399
0.000372
0.000080
0.000018
0.008294
0.005710
0.000079
0.000007
0.005356
0.002549
0.000754
0.000515
0.000133
0.000313
0.000831
0.000089
0.222620
0.005203
0.032910
0.004298
0.000142
1.394624
0.000084
0.031268
0.000100
0.000266
0.000025
0.000209
0.002211
0.000038
0.000041
0.000339
0.003503
0.004632
0.119225
0.000312
0.006251
0.000032
0.000060
0.002953
0.032698
0.057570
0.002563
0.020239
0.009134
0.000086
0.000072
0.000351
0.000014
0.000056
0.015374
0.000015
0.000117
0.149585
0.000503
0.000030
0.006428
0.000014
0.001909
0.000009
0.000559
0.000025
0.000034
0.001272
0.000345
0.000080
0.057495
0.014878
0.000069
0.186959
0.000021
0.000009
0.010703
0.000034
0.004102
0.000087
0.000328
0.081304
0.000099
0.440244
0.003569
0.000594
0.000451
0.000256
0.000073
0.000027
0.000045
0.000351
0.000011
0.001565
0.000056
0.019574
0.000009
0.000212
0.000052
0.000095
0.000392
0.007404
0.024329
0.000441
0.001918
0.000044
0.030717
0.065443
0.000227
0.000121
0.000026
0.000161
0.000321
0.000420
0.004609
0.000024
0.002621
0.002548
0.000008
0.015766
0.009173
0.000019
0.000209
0.000027
0.000376
0.000459
0.000108
0.024746
0.001011
0.000294
0.004133
0.000364
0.003873
0.000038
0.050564
0.006503
0.000310
0.000180
0.000437
0.001048
0.000067
0.000196
0.002763
0.000425
0.000386
0.000404
0.819497
0.000189
0.000125
0.029775
0.000148
0.000066
0.001851
0.004785
0.000011
0.000022
0.004804
0.001214
0.022909
0.000656
0.046668
0.000046
0.000925
0.001865
0.001500
0.105188
0.000024
0.000609
0.000185
0.000011
0.000036
0.002692
0.000508
0.000070
0.000765
0.000249
0.067188
0.012493
0.000703
0.000953
0.003214
0.017735
0.000723
0.015921
0.245907
0.060804
0.000216
0.035784
0.122781
0.000013
0.001336
0.059554
0.017940
0.015982
0.002296
0.000090
0.001546
0.000011
0.001323
0.000012
0.016256
0.001419
0.002281
0.000390
0.000224
0.000792
0.001943
0.000352
0.000072
0.000015
0.000413
0.004523
0.000090
0.011204
0.012705
0.001747
0.000211
0.000083
0.000569
0.161436
0.012625
0.018388
0.000282
0.021122
0.000026
0.041135
0.008799
0.125878
0.000358
0.000717
0.003241
0.040267
0.000101
0.006156
0.271341
0.034449
0.000008
0.007401
0.015468
0.000032
0.000979
0.000188
0.015305
0.003407
0.000468
0.000153
0.193717
0.000021
0.069593
0.000039
0.000247
0.000076
0.004398
0.000046
0.009080
0.439903
0.000038
0.051088
0.005856
0.000469
0.014520
0.018196
0.120630
0.000195
0.001512
0.000036
0.000224
0.035224
0.019905
0.000474
0.000097
0.000308
