0.000656
0.009573
0.000774
0.000323
0.000989
0.000060
0.000697
0.000035
0.000964
0.000489
0.000571
0.000494
0.000135
0.000802
0.000074
0.003857
0.000804
0.000604
0.010539
0.000679
0.001153
0.011893
0.000291
0.000010
0.004832
0.000237
0.002406
0.000029
0.005190
0.005403
0.000041
0.000032
0.000570
0.011059
0.000333
0.000073
0.000053
0.005992
0.001245
0.000419
0.006333
0.001872
0.006844
0.000750
0.002954
0.012641
0.000013
0.001202
0.000034
0.000304
0.000024
0.000223
0.000031
0.000728
0.004019
0.060553
0.000406
0.000018
0.000249
0.000354
0.000676
0.000069
0.000535
0.000129
0.003669
0.000706
0.000030
0.000186
0.162765
0.000018
0.000062
0.000625
0.000099
0.000424
0.000025
0.000760
0.000109
0.000993
0.000745
0.015826
0.001837
0.000398
0.000073
0.002525
0.000359
0.000045
0.000087
0.000141
0.000263
0.000051
0.000035
0.005771
0.000971
0.001340
0.004292
0.000012
0.000981
0.017937
0.000092
0.003709
0.000022
0.014174
0.006568
0.006587
0.001111
0.000030
0.000535
0.000051
0.002109
0.000135
0.001559
0.002555
0.000205
0.008517
0.026670
0.000020
0.000109
0.001047
0.000237
0.002852
0.002625
0.000955
0.000348
0.000124
0.000130
0.012500
0.006296
0.008267
0.000518
0.000333
0.005767
0.000046
0.000065
0.018418
0.000059
0.004653
0.015495
0.011459
0.001290
0.000467
0.000601
0.004513
0.019265
0.015827
0.020564
0.002652
0.000049
0.000060
0.000049
0.067230
0.000057
0.000019
0.003560
0.002405
0.000533
0.000083
0.000310
0.000144
0.000171
0.000846
0.001568
0.000667
0.000014
0.000175
0.004317
0.003472
0.002233
0.001674
0.012696
0.000313
0.000567
0.000559
0.000666
0.000634
0.000712
0.004600
0.006727
0.000042
0.000041
0.004120
0.001388
0.000014
0.001089
0.000502
0.001085
0.000077
0.005942
0.000043
0.000291
0.000643
0.070672
0.000744
0.001927
0.000042
0.000450
0.000009
0.000027
0.000274
0.007595
0.000206
0.000363
0.000013
0.000066
0.000379
0.000839
0.000721
0.003145
0.000073
0.000230
0.000321
0.001044
0.010881
0.000102
0.017768
0.000292
0.000819
0.006955
0.000124
0.006434
0.003305
0.010539
0.000231
0.000215
0.002490
0.000062
0.000532
0.000099
0.002621
0.000037
0.000089
0.001963
0.000945
0.003966
0.000892
0.000026
0.053751
0.000782
0.000139
0.000210
0.000222
0.002768
0.001408
0.001714
0.002507
0.006989
0.002732
0.000096
0.000877
0.000034
0.000531
0.000415
0.001160
0.000072
0.000076
0.009497
0.000532
0.000164
0.000521
0.000071
0.000485
0.000198
0.000067
0.000146
0.000030
0.004208
0.003992
0.005348
0.001254
0.000035
0.000106
0.000010
0.000014
0.000078
0.002588
0.123139
0.001343
0.000008
0.000062
0.000340
0.002030
0.001115
0.000535
0.000325
0.000233
0.000242
0.000266
0.000132
0.000022
0.000068
0.000020
0.002374
0.008618
0.000065
0.000038
0.000298
0.000148
0.001878
0.002068
0.000197
0.000376
0.000290
0.000151
0.000026
0.003482
0.001363
0.000066
0.010692
0.020247
0.009875
0.002960
0.004831
0.000019
0.000021
0.001083
0.017707
0.000044
0.000135
0.000157
0.000023
0.000088
0.004954
0.000027
0.000104
0.000864
0.000009
0.001880
0.008854
0.000024
0.000658
0.000052
0.000121
0.006215
0.000143
0.000064
0.000024
0.002947
0.002308
0.000537
0.014241
0.010065
0.000022
0.000554
0.000014
0.000137
0.000579
0.005349
0.000305
0.000096
0.006583
0.015292
0.000014
0.000153
0.002899
0.164893
0.000706
0.001000
0.000545
0.000466
0.009980
0.008995
0.000163
0.000021
0.000014
0.007631
0.000365
0.000164
0.000184
0.000269
0.000394
0.000697
0.000043
0.000178
0.000088
0.001901
0.000240
0.004652
0.000830
0.000112
0.008570
0.001719
0.000218
0.016117
0.000058
0.000299
0.000356
0.000124
0.000008
0.003116
0.000525
0.000111
0.005874
0.000022
0.000674
0.000951
0.006554
0.001028
0.000025
0.000030
0.000123
0.000259
0.000501
0.000362
0.000874
0.001323
0.000095
0.000129
0.000040
0.001493
0.000088
0.000094
0.000633
0.000219
0.002478
0.000073
0.042628
0.008805
0.001253
0.000010
0.000178
0.004130
0.000056
0.000116
0.000115
0.000022
0.003812
0.000701
0.000023
0.000033
0.000679
0.001080
0.000567
0.000782
0.000046
0.000010
0.000626
0.000101
0.000007
0.000068
0.000623
0.002415
0.001652
0.000134
0.000037
0.000127
0.000127
0.005984
0.001526
0.000247
0.000207
0.000230
0.000175
0.000318
0.001455
0.000151
0.001499
0.000036
0.000429
0.000060
0.000795
0.008727
0.001018
0.000089
0.000303
0.000039
0.000914
0.002028
0.007914
0.000064
0.002518
0.000010
0.001523
0.004271
0.002349
0.001058
0.000081
0.000249
0.000033
0.000036
0.000026
0.000014
0.000145
0.001156
0.001302
0.000417
0.000215
0.000017
0.003959
0.000167
0.000459
0.002274
0.000182
0.000128
0.000821
0.000065
0.000517
0.000235
0.000044
0.002620
0.000368
0.000043
0.000253
0.000021
0.001556
0.000073
0.000323
0.025885
0.000091
0.001275
0.000492
0.000047
0.035572
0.000836
0.003989
0.005677
0.001412
0.017113
0.000015
0.000033
0.000099
0.001358
0.000019
0.015888
0.000661
0.001101
0.002638
0.002019
0.000027
0.000051
0.003045
0.000674
0.000048
0.000155
0.000105
0.002141
0.009183
0.000091
0.000172
0.000034
0.001239
0.000140
0.011673
0.002422
0.000488
0.000162
0.000081
0.000019
0.013105
0.002268
0.000670
0.000618
0.005354
0.000113
0.000238
0.000711
0.000398
0.000827
0.001256
0.000278
0.000070
0.000181
0.001361
0.000077
0.000550
0.000091
0.000171
0.000094
0.001475
0.000435
0.000114
0.001307
0.000071
0.004035
0.000799
0.001970
0.002084
0.000145
0.001766
0.000150
0.001317
0.011679
0.000357
0.003338
0.000305
0.000480
0.000038
0.000017
0.000074
0.000053
0.006520
0.000334
0.000027
0.008704
0.001850
0.000007
0.000422
0.000404
0.000951
0.000473
0.000048
0.002175
0.000005
0.000021
0.001904
0.014622
0.000065
0.000379
0.000088
0.001717
0.014345
0.001772
0.000134
0.000033
0.000647
0.003186
0.004863
0.000246
0.000554
0.000005
0.000086
0.000064
0.000045
0.000082
0.000678
0.000082
0.000046
0.000017
0.027714
0.000206
0.001978
0.000153
0.000023
0.000127
0.028584
0.000362
0.000182
0.000036
0.054599
0.000076
0.001952
0.007575
0.000636
0.000133
0.000851
0.002679
0.003448
0.000097
0.001320
0.022694
0.003241
0.000283
0.000787
0.011242
0.000724
0.000081
0.000145
0.002837
0.003207
0.000751
0.038668
0.000078
0.000183
0.000612
0.000933
0.000046
0.002234
0.003395
0.000018
0.001028
0.000205
0.000284
0.001225
0.000462
0.001391
0.000475
0.001349
0.000890
0.000016
0.005499
0.000069
0.003186
0.000037
0.019415
0.000563
0.001186
0.002733
0.000038
0.000900
0.002920
0.000458
0.000699
0.000013
0.000090
0.000861
0.001186
0.002646
0.000040
0.001665
0.000009
0.000048
0.000014
0.000865
0.000298
0.000057
0.047226
0.000019
0.003823
0.000269
0.018910
0.000867
0.003023
0.213453
0.001102
0.000529
0.000183
0.000017
0.005303
0.000093
0.000210
0.002807
0.000067
0.000112
0.000024
0.000770
0.001428
0.000097
0.000057
0.000084
0.003681
0.000122
0.000010
0.000594
0.000411
0.000129
0.002781
0.000723
0.013427
0.000319
0.000841
0.000059
0.009625
0.000165
0.000144
0.000619
0.004637
0.001363
0.000048
0.001732
0.008236
0.000252
0.000025
0.001253
0.000274
0.000035
0.003213
0.000539
0.002898
0.005172
0.000076
0.000021
0.000403
0.000014
0.000023
0.000091
0.000036
0.000080
0.000060
0.000092
0.000023
0.000215
0.000729
0.003961
0.001596
0.041739
0.000098
0.000069
0.000576
0.003172
0.000159
0.000710
0.000069
0.004085
0.000046
0.000148
0.000022
0.001666
0.000014
0.000082
0.000939
0.014438
0.000314
0.001292
0.003244
0.000371
0.002829
0.000930
0.000020
0.000235
0.024938
0.029725
0.000306
0.000054
0.000662
0.001584
0.000430
0.007464
0.009999
0.000049
0.000736
0.018889
0.002432
0.002164
0.000328
0.000017
0.000767
0.000264
0.000725
0.004067
0.001516
0.002820
0.000392
0.000070
0.000083
0.002598
0.000014
0.000108
0.000042
0.000070
0.001683
0.001859
0.000141
0.000396
0.000249
0.004591
0.000011
0.000680
0.000611
0.001849
0.000431
0.011704
0.001295
0.000799
0.022232
0.000049
0.002495
0.001320
0.001276
0.002079
0.000164
0.001107
0.007178
0.005918
0.053240
0.010392
0.000291
0.003113
0.000010
0.001361
0.004616
0.003881
0.000128
0.000316
0.000269
0.000845
0.000036
0.000078
0.000028
0.000039
0.000029
0.000015
0.001326
0.001785
0.000206
0.000009
0.000014
0.000269
0.000046
0.000007
0.016360
0.000580
0.000014
0.000428
0.000169
0.004899
0.000021
0.000026
0.000180
0.009416
0.000087
0.000910
0.000348
0.004418
0.000012
0.000439
0.000765
0.004520
0.006870
0.000120
0.003573
0.001718
0.000044
0.000012
0.000143
0.021911
0.007745
0.002691
0.000114
0.000144
0.000048
0.000572
0.000016
0.000021
0.000082
0.000163
0.000369
0.000045
0.000042
0.006730
0.000410
0.000163
0.006045
0.000016
0.001053
0.000029
0.000055
0.008438
0.000015
0.000159
0.000655
0.000819
0.000303
0.000611
0.003183
0.000052
0.055200
0.000456
0.000028
0.000975
0.002354
0.002899
0.005227
0.000031
0.000183
0.000072
0.000110
0.000845
0.000068
0.000792
0.000030
0.000024
0.001369
0.000094
0.000083
0.000348
0.000180
0.000073
0.000027
0.000088
0.000583
0.000113
0.001492
0.000319
0.000086
0.000608
0.000684
0.001614
0.000008
0.003613
0.000007
0.001001
0.000042
0.002430
0.000091
0.000198
0.000121
0.000519
0.002102
0.000088
0.000615
0.002293
0.001369
0.000040
0.002464
0.000958
0.000122
0.000075
0.000463
0.000919
0.000393
0.000045
0.000028
0.000027
0.017595
0.000293
0.000031
0.003591
0.000810
0.006515
0.000184
0.000034
0.000695
