0.000099
0.000047
0.000050
0.003339
0.000150
0.000447
0.000018
0.000091
0.000212
0.000067
0.000273
0.000042
0.000012
0.000108
0.000028
0.000086
0.000096
0.000026
0.000015
0.000193
0.000026
0.000161
0.000132
0.000353
0.000102
0.000014
0.000220
0.000135
0.000623
0.000229
0.000346
0.000021
0.000246
0.001922
0.000087
0.000026
0.000093
0.000198
0.000419
0.000974
0.000581
0.000263
0.000053
0.000834
0.000826
0.000246
0.000032
0.000609
0.000200
0.000133
0.000009
0.000165
0.000027
0.001017
0.002260
0.000260
0.000756
0.000066
0.000088
0.000450
0.000160
0.000014
0.000347
0.000199
0.000036
0.000089
0.000140
0.000189
0.000019
0.000312
0.000357
0.000478
0.000409
0.000854
0.000433
0.000271
0.000745
0.000013
0.000018
0.000063
0.000055
0.002404
0.000711
0.000035
0.001048
0.000494
0.000491
0.000558
0.000136
0.000188
0.000065
0.000026
0.000008
0.000035
0.000118
0.000182
0.000096
0.000231
0.000493
0.000097
0.000060
0.000926
0.000353
0.000026
0.000095
0.000025
0.000043
0.000092
0.001513
0.001002
0.000037
0.000074
0.001011
0.000006
0.000058
0.000116
0.000060
0.000024
0.001097
0.001130
0.000123
0.000167
0.000015
0.000052
0.000159
0.000009
0.000008
0.000613
0.000273
0.000297
0.000891
0.001143
0.000034
0.001413
0.000017
0.000048
0.000016
0.001114
0.000069
0.000079
0.000106
0.000028
0.000010
0.000124
0.000132
0.001745
0.000210
0.000375
0.000035
0.000010
0.000293
0.000353
0.000366
0.000410
0.000158
0.000025
0.000088
0.000038
0.000133
0.000137
0.000110
0.000495
0.001360
0.000278
0.002986
0.000030
0.000116
0.000591
0.000031
0.002386
0.000034
0.000416
0.000057
0.000028
0.000055
0.000921
0.000347
0.000318
0.000014
0.000297
0.000051
0.000031
0.005790
0.000124
0.000018
0.000278
0.001013
0.000065
0.000168
0.001317
0.004788
0.000043
0.000099
0.000635
0.001203
0.000079
0.000008
0.000084
0.000034
0.000157
0.000035
0.000028
0.000270
0.000013
0.000420
0.000045
0.000558
0.000136
0.000028
0.000093
0.000079
0.000016
0.000171
0.000128
0.000442
0.000200
0.000084
0.000056
0.000145
0.000008
0.000138
0.001186
0.001177
0.000235
0.000009
0.000010
0.000008
0.000046
0.001487
0.001109
0.000008
0.000324
0.000113
0.001003
0.000074
0.000188
0.000226
0.001028
0.000119
0.002130
0.000010
0.000563
0.000011
0.001960
0.003658
0.000018
0.000009
0.000331
0.000113
0.000148
0.000276
0.000312
0.000566
0.000038
0.000151
0.000047
0.000206
0.000866
0.000057
0.000339
0.000442
0.000050
0.000047
0.000141
0.000228
0.001226
0.000006
0.000093
0.000221
0.000424
0.001502
0.000067
0.000121
0.000038
0.000755
0.000074
0.000046
0.000516
0.000061
0.000027
0.000044
0.000384
0.000270
0.000013
0.000189
0.000345
0.000232
0.001561
0.002579
0.000034
0.000055
0.000655
0.000029
0.000545
0.000156
0.000271
0.000030
0.000216
0.000019
0.000305
0.001778
0.000053
0.000075
0.000098
0.000016
0.000018
0.000065
0.001284
0.000045
0.000120
0.000477
0.002420
0.001157
0.000130
0.000176
0.001376
0.000059
0.002592
0.000027
0.000021
0.000093
0.000024
0.000727
0.000191
0.000057
0.000111
0.000106
0.000238
0.000208
0.000047
0.000018
0.000090
0.000059
0.000081
0.000080
0.000008
0.000014
0.000038
0.000093
0.000096
0.000189
0.000550
0.000022
0.000307
0.000006
0.000048
0.000061
0.000037
0.000144
0.000215
0.000170
0.000182
0.000254
0.000144
0.000595
0.000024
0.000005
0.000070
0.000117
0.000961
0.003731
0.005614
0.000599
0.000075
0.000049
0.000116
0.000242
0.000091
0.000059
0.000349
0.000135
0.000139
0.000045
0.000012
0.000810
0.000051
0.000897
0.000069
0.000036
0.000015
0.000015
0.000066
0.000132
0.000317
0.000480
0.000404
0.000235
0.000965
0.000062
0.000194
0.000244
0.000006
0.000918
0.000046
0.000272
0.000140
0.000007
0.000192
0.000010
0.000007
0.000188
0.000378
0.000297
0.000360
0.001131
0.000011
0.000061
0.000043
0.000019
0.000256
0.000013
0.000036
0.000026
0.000123
0.000070
0.003677
0.000007
0.000112
0.000541
0.001040
0.000044
0.000064
0.000256
0.000062
0.000059
0.000021
0.000419
0.000018
0.000047
0.000034
0.001421
0.000064
0.000039
0.000666
0.000428
0.000045
0.000379
0.002653
0.000046
0.000063
0.000649
0.000142
0.000306
0.000071
0.000410
0.000012
0.000132
0.000026
0.000594
0.001670
0.000927
0.000128
0.000079
0.000115
0.000047
0.000027
0.000152
0.000040
0.000040
0.000091
0.000124
0.000014
0.000015
0.000044
0.000266
0.000021
0.000080
0.000138
0.000034
0.000686
0.000059
0.000019
0.000107
0.000461
0.000098
0.000317
0.001477
0.000138
0.000437
0.000454
0.000222
0.001517
0.001187
0.000326
0.000478
0.000108
0.000028
0.000143
0.000024
0.000177
0.001553
0.000067
0.000055
0.000022
0.000273
0.000413
0.006681
0.000226
0.000168
0.000034
0.000032
0.000026
0.000037
0.000319
0.000052
0.000053
0.000009
0.002470
0.003616
0.000048
0.000023
0.000055
0.000115
0.000227
0.001257
0.001678
0.001324
0.000083
0.000120
0.000035
0.000078
0.000267
0.000076
0.000036
0.001008
0.000135
0.000085
0.000118
0.000727
0.000667
0.000475
0.000134
0.000044
0.000044
0.005057
0.000016
0.000170
0.000025
0.000136
0.010288
0.001101
0.000020
0.000028
0.005649
0.000032
0.000126
0.000009
0.000113
0.000255
0.000011
0.001082
0.000075
0.000106
0.001330
0.000170
0.000173
0.002515
0.000012
0.000224
0.000064
0.000340
0.000012
0.000018
0.001285
0.001050
0.000046
0.000048
0.000141
0.000031
0.000028
0.000030
0.001351
0.000189
0.000205
0.001421
0.000044
0.001458
0.000025
0.001891
0.004247
0.000030
0.000235
0.000067
0.002350
0.000318
0.000094
0.000302
0.000142
0.000042
0.000145
0.000013
0.000299
0.000352
0.000581
0.000036
0.000100
0.001126
0.000435
0.005275
0.000041
0.000848
0.001066
0.000032
0.000011
0.000099
0.000008
0.000008
0.000202
0.000160
0.000213
0.000521
0.000697
0.000462
0.000700
0.000026
0.005949
0.000010
0.001972
0.000257
0.000878
0.000055
0.000036
0.000066
0.000213
0.000008
0.000019
0.000380
0.000285
0.000005
0.000225
0.000008
0.000139
0.000107
0.004198
0.000066
0.002391
0.000797
0.000059
0.000015
0.000016
0.000066
0.000021
0.000060
0.000139
0.000163
0.000006
0.000079
0.000148
0.000202
0.000139
0.000331
0.000174
0.000054
0.000470
0.000042
0.000284
0.000666
0.000045
0.000122
0.000277
0.000067
0.002593
0.000092
0.000011
0.000685
0.000066
0.000132
0.000014
0.001596
0.000468
0.000037
0.000136
0.000019
0.001867
0.000151
0.000347
0.000082
0.000023
0.000075
0.000008
0.000044
0.000412
0.000148
0.000050
0.000501
0.000008
0.000112
0.000019
0.001830
0.000783
0.001901
0.000115
0.000247
0.000242
0.000040
0.000669
0.000214
0.000007
0.000049
0.000154
0.000175
0.000080
0.000079
0.000075
0.000087
0.000197
0.000020
0.000034
0.000009
0.000924
0.000011
0.000068
0.000669
0.000075
0.000104
0.000093
0.000039
0.000010
0.000082
0.000091
0.000085
0.000085
0.000256
0.000211
0.000006
0.003120
0.000038
0.000187
0.000015
0.000011
0.000016
0.000023
0.000006
0.000008
0.000032
0.000178
0.000019
0.001391
0.000324
0.000650
0.000033
0.000827
0.000350
0.000575
0.000010
0.000120
0.000044
0.000066
0.000027
0.000434
0.000299
0.000611
0.000014
0.000221
0.000044
0.000181
0.000621
0.000587
0.001689
0.009069
0.000008
0.000236
0.000058
0.000028
0.000268
0.000105
0.000778
0.001047
0.000138
0.000163
0.000157
0.000312
0.000032
0.000182
0.004982
0.000008
0.000025
0.000114
0.000077
0.000658
0.000045
0.000033
0.000107
0.000054
0.001834
0.000299
0.001296
0.000046
0.000014
0.000013
0.000071
0.001471
0.000090
0.000286
0.000038
0.000150
0.000118
0.000056
0.000022
0.000006
0.000105
0.000937
0.000217
0.006935
0.000113
0.000050
0.000034
0.000099
0.000183
0.000108
0.000055
0.000029
0.000412
0.000014
0.000009
0.004541
0.000044
0.000237
0.002538
0.000248
0.000238
0.000016
0.000070
0.000094
0.000265
0.000019
0.000012
0.000070
0.000454
0.000030
0.000178
0.000051
0.000071
0.000657
0.000876
0.000023
0.007848
0.000068
0.000407
0.000079
0.007351
0.000011
0.000085
0.000661
0.000094
0.000146
0.000307
0.000109
0.000439
0.000648
0.000029
0.000014
0.000108
0.000374
0.000008
0.000076
0.000031
0.002038
0.000227
0.000092
0.000021
0.000032
0.001696
0.001230
0.000326
0.001701
0.000246
0.000021
0.000123
0.000023
0.000534
0.000007
0.000140
0.001029
0.000251
0.000139
0.000175
0.000060
0.000867
0.000016
0.000338
0.000018
0.000013
0.000022
0.000472
0.001014
0.000900
0.001093
0.000302
0.000104
0.000036
0.001934
0.000034
0.000020
0.000408
0.000060
0.000019
0.000056
0.000017
0.000319
0.000017
0.000074
0.000328
0.000021
0.000747
0.000373
0.000043
0.000009
0.000014
0.000164
0.000436
0.000611
0.000066
0.000032
0.000011
0.000049
0.000015
0.000025
0.001516
0.000009
0.000458
0.000272
0.001996
0.000011
0.000018
0.000030
0.000180
0.001529
0.000022
0.001125
0.000012
0.000053
0.000022
0.000036
0.000073
0.000426
0.000460
0.000163
0.000040
0.000009
0.000020
0.000072
0.000067
0.000056
0.000114
0.000033
0.001530
0.000148
0.000062
0.000024
0.000220
0.000015
0.000919
0.000539
0.002768
0.000011
0.001055
0.000221
0.000202
0.000024
0.000008
0.000017
0.000025
0.000068
0.000083
0.000051
0.000801
0.000199
0.000181
0.000186
0.000149
0.000104
0.000505
0.000055
0.001073
0.000104
0.000222
0.000386
0.000490
0.000034
0.000011
0.000012
0.001740
0.000552
0.000009
0.000120
0.000008
0.000265
0.000542
0.004882
0.000080
0.000095
0.000012
0.000008
0.001045
0.000183
0.000020
0.000034
0.000618
0.000019
