0.001150
0.006701
0.000384
0.007534
0.000447
0.000182
0.003329
0.000183
0.000325
0.067961
0.006818
0.012919
0.000289
0.002015
0.000108
0.211158
0.301287
0.000533
0.002237
0.003087
0.001040
0.059733
0.365120
0.014947
0.000726
0.000031
0.000599
0.000044
0.001483
0.001190
0.000460
0.003954
0.000978
0.000082
0.016353
0.000035
0.001429
0.015664
0.000452
0.001154
0.000087
0.039121
0.000027
0.000438
0.004839
0.001042
0.000017
0.004547
0.001203
0.039694
0.000678
0.001018
0.000058
0.006975
0.003464
0.000082
1.638604
0.000119
0.001219
0.002563
0.000155
0.001231
0.017262
0.000469
0.000321
0.000179
0.000028
0.000542
0.127210
0.025274
0.465006
0.010372
0.000054
0.358636
0.006726
0.085596
0.000167
0.001486
0.200422
0.001780
0.000037
0.011961
0.018121
0.012676
0.248185
0.032072
0.000081
1.344670
0.003449
0.000142
0.000728
0.000311
0.000731
0.003679
0.000124
0.000658
0.000364
0.000264
0.000612
0.000683
0.000445
0.000020
0.011833
0.007427
0.005050
0.001548
0.000805
0.000066
0.002646
0.191105
0.121575
0.001512
0.008075
0.002345
0.031442
0.000248
0.046161
0.020563
0.000072
0.000677
0.008575
0.000171
0.000058
0.002321
0.003162
0.056139
0.000174
0.000074
0.000356
0.001004
0.001428
0.000051
0.683029
0.571507
0.000219
0.000147
0.000209
0.000348
0.001501
0.109102
0.011684
0.076958
0.006543
0.000132
0.001074
0.008038
0.010525
0.000394
0.000659
0.003651
0.001001
0.000227
0.021549
0.002546
0.002003
0.002328
0.004707
0.001584
0.003595
0.000259
0.000465
0.038725
0.028607
0.138778
0.000196
0.000344
0.000120
0.015410
0.190440
0.000123
0.000112
0.002236
0.030702
0.000593
0.020024
0.000043
0.006922
0.190027
0.113922
0.037688
0.026115
0.253991
0.815040
0.000391
0.007695
0.000016
0.000598
0.010993
0.000590
0.000394
0.000046
0.006076
0.000587
0.008435
0.007536
0.008088
0.006851
0.007221
0.010607
0.007319
0.004221
0.007008
0.000045
0.000373
0.000826
0.000045
0.002094
0.004210
0.035708
0.008810
0.774134
0.025881
0.000116
0.000065
0.000277
0.000076
0.000024
0.000138
0.000886
0.096206
0.121548
0.003645
0.000353
0.000244
0.006938
0.015900
0.003053
0.626905
0.019523
0.005694
0.000049
0.000069
0.000159
0.051463
0.040226
0.001031
0.507273
0.009650
0.000775
0.000818
0.218801
0.018651
0.175263
0.028249
0.000047
0.001045
0.000291
0.002194
0.000028
0.000496
0.000221
0.000811
0.128165
0.001078
0.000140
0.002283
0.000092
0.124119
0.000028
0.316153
0.000953
0.000175
0.003560
0.000184
0.035918
0.149850
0.000072
0.011268
0.000539
0.007262
0.017571
0.000059
0.036391
0.132623
0.012776
0.001860
0.000616
0.001690
0.020926
0.000925
0.000038
0.005349
0.004282
0.000932
0.001014
0.003027
0.002914
0.028894
0.000027
0.000050
0.000996
0.000233
0.001043
0.008941
0.002237
0.000114
0.000172
0.000151
0.000382
0.050849
0.002659
0.000350
0.042483
0.000184
0.002918
0.000064
0.042796
0.000563
0.002284
0.000119
0.034683
0.000789
0.000902
0.000636
0.008482
0.000091
0.000476
0.019163
0.045208
0.011710
0.301245
0.007182
0.140791
0.000744
0.008666
0.000676
0.000038
0.002966
0.000951
0.002188
0.201375
0.001827
0.156738
0.000042
0.119073
0.000489
0.000119
0.000060
0.000045
0.000020
0.227251
0.135670
0.000080
0.022281
0.038552
0.116839
0.000031
0.002124
0.000446
0.003870
0.001390
0.013920
0.000130
0.001474
0.051256
0.000283
0.000143
0.003418
0.010967
0.000265
0.000024
0.022965
0.002042
0.000598
0.000249
0.144680
0.000429
0.000045
0.010135
0.002116
0.021833
0.027119
0.000347
1.508009
0.000041
0.000159
0.000086
0.016005
0.002234
0.008037
0.000058
0.000220
0.023307
0.000101
0.002143
0.030580
0.016954
0.000038
0.000244
0.000185
0.000166
0.000252
0.000219
0.000200
0.021172
0.000362
0.086315
0.002253
0.007824
0.000226
0.000081
0.005983
0.087134
0.000038
0.002569
0.010090
0.001166
0.000126
0.295141
0.039162
0.021061
0.019680
0.048143
0.039759
0.000356
0.000594
0.000045
0.001309
0.010214
0.011164
0.004050
0.061501
0.004229
0.003842
0.001521
0.002125
0.006451
0.000217
0.002667
0.011573
0.019734
0.004784
0.000222
0.038425
0.002878
0.049884
0.025267
0.006773
0.000136
0.000255
0.000406
0.000962
0.037240
0.259556
0.003382
0.013516
0.002937
0.000706
0.002731
0.002287
0.478364
0.043520
0.002510
0.034542
0.025546
0.001313
0.000089
0.007538
0.000788
0.101789
0.016062
0.001972
0.000078
0.000114
0.000058
0.004337
0.600247
0.000043
0.002103
0.000301
0.001008
0.412024
0.000047
0.000018
0.008764
0.004772
0.000079
0.000156
0.003105
0.001920
0.003478
0.000708
0.000174
0.116013
0.130332
0.004974
0.001686
0.000248
0.000196
0.000037
0.018026
0.020922
0.006546
0.000463
0.003252
0.005069
0.001362
0.000639
0.004116
0.000066
0.001585
0.000458
0.000217
0.004523
0.001050
0.000090
0.009397
0.000016
0.000944
0.005521
0.000150
0.000241
0.000064
0.036164
0.000833
0.000601
0.025086
0.001729
0.000116
0.084273
0.000078
0.014344
0.100687
0.000137
0.002725
0.001588
0.004389
0.002856
0.000129
0.000219
0.018038
0.001764
0.000182
0.005982
0.000163
0.000049
0.030269
0.000211
0.000325
0.000666
0.108011
0.001832
0.000450
0.012216
0.000060
0.006819
0.000118
0.063591
0.090613
0.000577
0.000180
0.004792
0.000490
0.022276
0.039022
0.055835
0.000073
0.000046
0.055927
0.000056
0.002027
0.000218
0.000675
0.021113
0.001019
0.000034
0.007090
0.001733
0.000069
0.000279
0.027408
0.000795
0.000211
0.001593
0.091809
0.495102
0.000354
0.006210
0.005350
0.427176
0.034649
0.110340
0.000361
0.000112
0.015949
0.001898
0.000032
0.012225
0.001291
0.017570
0.000425
0.000053
0.000165
0.000384
0.053992
0.003271
0.003287
0.000697
0.000032
0.000186
0.014048
0.001566
0.087514
1.930215
0.002192
0.026150
0.004736
0.031471
0.000085
0.004213
0.003521
0.160565
0.000986
0.000053
0.119346
0.005627
0.000307
0.001464
0.013697
0.127714
0.000246
0.001942
0.002950
0.000665
0.200550
0.035040
0.000071
0.031033
0.000972
0.052360
0.012819
0.001182
0.037191
0.000088
0.050858
0.015667
0.015016
0.037892
2.823431
0.000157
0.000608
0.000390
0.003071
0.000053
0.000167
0.003840
0.000043
0.057156
0.000565
0.001381
0.005696
0.001395
0.031214
0.000058
0.000099
0.000038
0.000042
0.009263
0.000033
0.030691
0.000411
0.000040
0.020939
0.010493
0.000773
0.030563
0.000120
0.000178
0.105063
0.000075
0.000048
0.000363
0.002982
0.002268
0.081019
0.000018
0.085696
0.000043
0.006819
0.013643
0.002335
0.000072
0.009995
0.090899
0.000250
0.000043
0.001676
0.021009
0.000137
0.000028
0.004796
0.001799
0.001223
0.000039
0.000410
0.000213
0.000068
0.000078
0.000993
0.001202
0.000498
0.031368
0.000033
0.000446
0.000418
0.050379
0.002602
0.001170
0.000642
0.003204
0.001437
0.004417
0.000852
0.000489
0.000461
0.000848
0.000060
0.000210
0.000107
0.000034
0.003215
0.001171
0.000239
0.001337
0.035386
0.010196
0.000480
0.000080
0.001317
0.001295
1.039690
0.000412
0.000767
0.000180
0.000229
0.002168
0.006493
0.002081
0.000320
0.005016
0.011427
0.030885
0.000095
0.011906
0.000122
0.169989
0.048494
0.000166
0.311356
0.000556
0.001140
0.000151
0.001671
0.045348
0.000596
0.008473
0.012901
5.702839
1.002499
0.000048
0.000645
0.000460
0.000082
0.000939
0.001604
0.000031
0.000124
0.000127
0.000140
0.000487
0.000304
0.043782
0.167524
0.000159
0.005211
0.000703
0.000061
0.000100
0.003737
0.000075
0.052265
0.001949
0.082939
0.017198
0.000229
0.163170
0.000073
0.017755
0.000103
0.008534
0.000237
0.005640
0.001168
0.002355
0.024753
0.259048
0.499552
0.043110
0.002502
0.009507
0.000209
0.000220
0.003903
0.001374
0.000275
0.005945
0.000246
0.000039
0.001091
0.004793
0.000149
0.004085
0.000351
0.000164
0.000051
0.009554
0.000037
0.000080
0.007714
0.000089
0.029621
0.418718
0.000266
0.001838
0.012075
0.000178
0.007061
0.002967
0.000185
0.014652
0.180656
0.052356
0.002807
0.000413
0.000527
0.002290
0.006151
0.000999
0.004884
0.000161
0.599634
0.006100
0.018243
0.005199
0.000177
0.000486
0.000040
0.008038
0.000079
0.038088
0.000019
0.000321
0.005575
0.000117
0.000580
0.322529
0.001452
0.000160
0.014761
0.000030
0.000176
0.001340
0.000183
0.000544
0.032550
0.000160
0.001983
0.033610
0.041412
0.000876
0.000078
0.000033
0.001084
0.001627
0.093991
0.001913
0.000788
0.000202
0.000086
0.002072
0.000050
0.000559
0.000242
0.000048
0.007455
0.008971
0.007598
0.040034
0.000352
0.000246
0.109443
0.064272
0.000658
0.001786
0.001591
0.020115
0.000042
0.000591
0.000798
0.000045
0.252525
0.005757
0.000202
0.028679
0.002425
0.000812
0.014190
0.001883
0.231217
0.004612
0.000063
0.000029
0.001557
0.004243
0.000153
0.094604
0.004943
0.000173
0.006522
0.000124
0.003494
0.000333
0.008154
0.013354
0.000595
0.000796
0.035849
0.000233
0.000596
0.000016
0.010519
0.001024
0.001170
0.001601
0.017768
0.004420
0.000031
0.000032
0.000122
0.020356
0.001682
0.184958
0.033099
0.000034
1.044400
0.000174
0.029629
0.001211
0.207672
0.000936
0.018304
0.043045
0.002948
0.000071
0.000173
0.002243
0.581637
8.624124
0.000345
0.005805
0.000083
0.000056
0.000146
0.899143
0.000680
0.000743
0.000229
0.000027
0.000272
0.010706
0.013509
0.365301
0.000562
0.000320
0.000095
0.002489
0.000555
0.017882
0.000070
0.009317
0.000166
0.001146
0.001071
0.000068
0.049888
0.000081
0.000100
0.001461
0.000129
0.029553
0.002165
0.053705
0.002674
0.001331
0.000071
0.009256
0.000530
0.072759
0.000569
0.000855
