0.000070
0.000066
0.000433
0.011672
0.000584
0.000036
0.000759
0.000533
0.004101
0.000468
0.000877
0.001142
0.020392
0.004779
0.000218
0.000134
0.000392
0.000124
0.001475
0.003800
0.003045
0.004856
0.000022
0.003789
0.000497
0.000122
0.013221
0.000987
0.000019
0.002191
0.002546
0.001265
0.012889
0.000086
0.006795
0.001196
0.003016
0.000268
0.001569
0.002983
0.051307
0.000984
0.000333
0.000233
0.000048
0.000491
0.008639
0.002025
0.123507
0.000202
0.000185
0.005761
0.000119
0.000590
0.000121
0.000384
0.008446
0.003543
0.000159
0.000030
0.135270
0.000226
0.007462
0.000883
0.045607
0.000149
0.000294
0.000084
0.007629
0.013485
0.006645
0.000280
0.000072
0.000033
0.009653
0.000055
0.008484
0.000057
0.000073
0.001079
0.003550
0.000384
0.000090
0.026822
0.000272
0.000082
0.000952
0.002191
0.000245
0.000054
0.014463
0.000852
0.000089
0.003160
0.002557
0.000526
0.003090
0.001638
0.000231
0.002066
0.065804
0.000107
0.009527
0.000060
0.002122
0.000044
0.000526
0.036942
0.000073
0.091509
0.000249
0.000717
0.039631
0.010720
0.000208
0.000295
0.000434
0.002407
0.002727
0.000297
0.000323
0.000114
0.000078
0.000223
0.003414
0.000197
0.003031
0.000671
0.018987
0.000039
0.001071
0.005240
0.000258
0.000924
0.000126
0.000185
0.001814
0.001561
0.001564
0.003012
0.000103
0.006283
0.000056
0.000049
0.000038
0.000251
0.036758
0.005108
0.002931
0.006458
0.000711
0.000024
0.000429
0.000222
0.020046
0.002067
0.000155
0.000029
0.000065
0.000310
0.000245
0.000115
0.000420
0.000088
0.001681
0.000048
0.000085
0.000299
0.016138
0.000137
0.000375
0.014889
0.000082
0.003450
0.001229
0.000014
0.000265
0.000192
0.016700
0.001105
0.002712
0.000397
0.000039
0.000081
0.001964
0.000045
0.001032
0.000025
0.000509
0.000385
0.000073
0.006092
0.142085
0.007553
0.000110
0.005112
0.000029
0.000133
0.003548
0.078302
0.034361
0.026370
0.000153
0.000262
0.000052
0.000159
0.000028
0.047250
0.000036
0.002707
0.000074
0.000609
0.000299
0.000056
0.020493
0.000536
0.000675
0.000069
0.000736
0.000163
0.000241
0.000590
0.000248
0.001837
0.000338
0.000029
0.003337
0.003324
0.000191
0.000057
0.008215
0.001957
0.002957
0.000036
0.005988
0.001356
0.000130
0.005016
0.000848
0.001243
0.001408
0.007629
0.000069
0.000079
0.002958
0.000132
0.000563
0.005609
0.000111
0.000241
0.000264
0.001118
0.000349
0.002935
0.001323
0.002070
0.000380
0.001846
0.000533
0.000334
0.024685
0.066949
0.000102
0.008509
0.000803
0.000675
0.002188
0.001734
0.000044
0.001958
0.003290
0.071979
0.000853
0.000047
0.001307
0.001795
0.018366
0.001816
0.000367
0.000370
0.001158
0.000092
0.001355
0.000086
0.000061
0.000067
0.000262
0.000685
0.000132
0.000267
0.001181
0.002754
0.000115
0.002096
0.003189
0.002807
0.003245
0.001677
0.000696
0.001282
0.000854
0.013838
0.000026
0.000869
0.000195
0.000549
0.000241
0.000130
0.000191
0.003551
0.000156
0.000436
0.000035
0.014510
0.001424
0.000982
0.000469
0.000114
0.003249
0.000192
0.005271
0.000076
0.000795
0.000670
0.001996
0.000212
0.000171
0.001899
0.002357
0.002286
0.000912
0.000833
0.000200
0.000107
0.005496
0.000067
0.000092
0.001056
0.003220
0.000352
0.031177
0.003737
0.000508
0.000038
0.000421
0.000263
0.002442
0.001236
0.000608
0.017810
0.007333
0.000546
0.004155
0.000214
0.006451
0.000047
0.003814
0.000056
0.001930
0.000118
0.006210
0.000052
0.039088
0.009760
0.000020
0.000116
0.004945
0.001934
0.002593
0.000448
0.001860
0.011029
0.004598
0.386319
0.000354
0.000314
0.028963
0.008463
0.011889
0.000224
0.001048
0.000178
0.000441
0.000247
0.000536
0.009600
0.000338
0.000033
0.000103
0.015319
0.000855
0.002356
0.009048
0.022770
0.029524
0.005818
0.006001
0.014625
0.001793
0.000181
0.000024
0.000523
0.000463
0.007607
0.000063
0.015497
0.001601
0.001173
0.001726
0.000604
0.006211
0.007377
0.000152
0.000711
0.000229
0.057766
0.004642
0.001578
0.001263
0.000098
0.010235
0.000068
0.000449
0.000388
0.004834
0.000022
0.010276
0.004543
0.000088
0.002018
0.001263
0.000819
0.000067
0.025361
0.000028
0.001273
0.000930
0.000383
0.000235
0.000025
0.000267
0.062070
0.000064
0.000167
0.000300
0.000489
0.000093
0.001551
0.001099
0.000682
0.000050
0.007385
0.007777
0.000140
0.000378
0.001747
0.000543
0.052308
0.000053
0.000325
0.000739
0.001494
0.000274
0.001325
0.068891
0.000077
0.001237
0.000441
0.006329
0.003091
0.000158
0.001292
0.000144
0.000366
0.001320
0.008332
0.010064
0.006881
0.009363
0.001049
0.001223
0.003897
0.002211
0.002264
0.000355
0.006137
0.000311
0.002545
0.009999
0.002415
0.000549
0.006851
0.000189
0.002649
0.015005
0.001148
0.007359
0.000375
0.000127
0.000078
0.094320
0.174027
0.002466
0.002236
0.002449
0.000051
0.000551
0.000441
0.000435
0.000031
0.001499
0.000754
0.010789
0.000868
0.000221
0.000087
0.003340
0.000568
0.001033
0.000539
0.000098
0.001684
0.000102
0.000460
0.033995
0.017612
0.001012
0.003044
0.000676
0.004287
0.007263
0.000135
0.000070
0.005356
0.000070
0.012013
0.000320
0.001773
0.000069
0.000207
0.001703
0.005158
0.000345
0.000186
0.002807
0.001753
0.000315
0.000256
0.000393
0.000136
0.000180
0.004363
0.010837
0.002508
0.002480
0.001831
0.000754
0.000282
0.000364
0.000118
0.002076
0.000141
0.001640
0.000480
0.003260
0.014760
0.009752
0.003250
0.001380
0.008132
0.000216
0.012990
0.000581
0.000044
0.003625
0.001489
0.000182
0.000637
0.096627
0.034318
0.000627
0.007685
0.000314
0.000099
0.000122
0.064935
0.002726
0.000198
0.033355
0.000041
0.002384
0.035663
0.000251
0.000097
0.011887
0.001947
0.001105
0.000029
0.044946
0.000928
0.005608
0.004853
0.000151
0.003488
0.003946
0.001177
0.001808
0.013223
0.000604
0.009921
0.000110
0.000807
0.032405
0.000072
0.004131
0.000201
0.243186
0.000059
0.001095
0.000094
0.007578
0.000843
0.053684
0.000379
0.000033
0.000047
0.000495
0.000303
0.000086
0.000171
0.000902
0.000479
0.000238
0.000372
0.000225
0.000174
0.000125
0.000036
0.002304
0.000101
0.000068
0.008439
0.000265
0.000574
0.005240
0.000106
0.002806
0.000177
0.001822
0.004171
0.014502
0.000626
0.000455
0.000812
0.000934
0.000145
0.000128
0.021130
0.000165
0.000235
0.001331
0.018437
0.001267
0.000019
0.000039
0.000763
0.000140
0.147670
0.000336
0.000088
0.018039
0.000147
0.000167
0.002552
0.003136
0.000867
0.000207
0.003596
0.005353
0.000337
0.000065
0.008555
0.000105
0.003122
0.001073
0.000219
0.004908
0.000919
0.000219
0.005016
0.000144
0.026594
0.001745
0.000201
0.000527
0.002809
0.013302
0.001246
0.006607
0.000139
0.000283
0.000049
0.000143
0.002164
0.000222
0.000177
0.000070
0.001065
0.001898
0.000038
0.000923
0.000215
0.007506
0.002040
0.004787
0.026768
0.000648
0.000154
0.000474
0.068930
0.002774
0.003834
0.000372
0.000139
0.000326
0.001344
0.001566
0.004502
0.002419
0.000524
0.002968
0.003107
0.005078
0.000062
0.000731
0.008417
0.005393
0.001537
0.002847
0.000535
0.000387
0.000759
0.209050
0.000085
0.008274
0.000111
0.000109
0.000976
0.003113
0.000130
0.000074
0.005658
0.011475
0.006561
0.000027
0.000191
0.011872
0.000077
0.000508
0.000761
0.000149
0.005151
0.001053
0.001573
0.004695
0.003014
0.002201
0.010072
0.012797
0.000149
0.000185
0.002065
0.001206
0.000514
0.000019
0.000357
0.006267
0.001636
0.001648
0.010862
0.000361
0.001006
0.001469
0.001411
0.000711
0.059672
0.003571
0.000184
0.002508
0.000137
0.000365
0.000686
0.001541
0.006558
0.000559
0.000086
0.000112
0.000090
0.000625
0.000995
0.000117
0.000231
0.000036
0.010231
0.000373
0.000739
0.003042
0.045928
0.000573
0.006695
0.014488
0.000409
0.000116
0.001934
0.000462
0.000113
0.001561
0.000176
0.023163
0.000259
0.000472
0.012469
0.005312
0.000605
0.002554
0.000186
0.000382
0.001770
0.002841
0.000248
0.000028
0.001512
0.004981
0.006009
0.000728
0.004240
0.000157
0.000764
0.000047
0.000026
0.000125
0.000847
0.001276
0.001833
0.003576
0.000125
0.001739
0.009699
0.001450
0.013531
0.002375
0.003668
0.001999
0.000053
0.000883
0.000048
0.000215
0.000044
0.000393
0.008052
0.000310
0.000172
0.000117
0.000600
0.000937
0.000043
0.002218
0.013828
0.014358
0.000020
0.001202
0.000090
0.011267
0.000766
0.012516
0.000034
0.008330
0.009886
0.012515
0.001565
0.014850
0.002004
0.001245
0.000208
0.003219
0.000075
0.002336
0.000428
0.118394
0.000686
0.080467
0.000078
0.000625
0.000112
0.004909
0.000744
0.000096
0.002370
0.002744
0.000502
0.004710
0.000089
0.000579
0.000042
0.000184
0.003160
0.000018
0.000050
0.000212
0.000282
0.000388
0.002720
0.000505
0.000093
0.000076
0.000513
0.005458
0.002751
0.001391
0.019563
0.000025
0.001515
0.002416
0.000580
0.001198
0.001113
0.000209
0.001902
0.010429
0.005057
0.000049
0.000687
0.008750
0.076594
0.000300
0.000803
0.005724
0.000498
0.003952
0.003103
0.000397
0.000277
0.000519
0.006996
0.001644
0.005410
0.000109
0.067995
0.015889
0.000151
0.004151
0.001059
0.060996
0.000040
0.000275
0.003356
0.000031
0.010336
0.085925
0.001827
0.031298
0.000526
0.002960
0.001012
0.007265
0.000780
0.000030
0.025206
0.000314
0.000313
0.000434
0.003039
0.002796
0.000723
0.000047
0.021976
0.000728
0.000070
0.005016
0.000034
0.000999
0.003694
0.000390
0.000930
0.000794
0.000041
0.000026
0.000036
0.031884
0.000058
0.000588
0.034451
0.004740
0.001186
0.000388
0.000203
0.000578
0.000366
0.000084
0.000312
