0.001489
0.002755
0.000438
0.001583
0.000448
0.009767
0.000066
0.000037
0.001168
0.000063
0.000566
0.000513
0.013833
0.000066
0.000808
0.000033
0.000276
0.000059
0.000327
0.000310
0.000532
0.000431
0.000037
0.000114
0.000059
0.000609
0.000018
0.000182
0.000099
0.000268
0.000025
0.000152
0.000087
0.004192
0.000289
0.000126
0.000423
0.000035
0.000082
0.002266
0.000138
0.000058
0.000312
0.001094
0.000158
0.000047
0.000442
0.000228
0.000151
0.022304
0.000663
0.000028
0.001176
0.000372
0.000363
0.000439
0.000331
0.000443
0.000058
0.001726
0.001579
0.009366
0.001011
0.000042
0.000036
0.000749
0.000111
0.004811
0.000416
0.000040
0.002542
0.000553
0.000053
0.000011
0.000146
0.000384
0.000561
0.000168
0.000191
0.000117
0.000214
0.000686
0.000894
0.000150
0.000047
0.001123
0.000044
0.000122
0.005032
0.000252
0.000634
0.000112
0.000356
0.000170
0.000070
0.000339
0.000069
0.001304
0.002258
0.004027
0.000098
0.000111
0.000054
0.000257
0.000027
0.001620
0.001541
0.000654
0.000082
0.000062
0.000096
0.000554
0.000401
0.000048
0.000064
0.000094
0.000417
0.000576
0.000126
0.000163
0.000083
0.000913
0.000046
0.000288
0.003068
0.001070
0.002592
0.021468
0.001835
0.000422
0.002996
0.000387
0.000122
0.000115
0.000921
0.000088
0.000064
0.000026
0.000015
0.000249
0.000301
0.000433
0.000093
0.000069
0.002695
0.000131
0.000114
0.010619
0.000233
0.000813
0.000069
0.001143
0.000049
0.000114
0.000097
0.000730
0.000041
0.000127
0.000373
0.000179
0.000730
0.000507
0.000243
0.003608
0.000155
0.001205
0.000068
0.002228
0.000122
0.002842
0.000102
0.000221
0.000687
0.000417
0.002154
0.000105
0.000119
0.000099
0.001235
0.000127
0.002693
0.000457
0.000788
0.000328
0.000693
0.000992
0.000774
0.000550
0.029789
0.001456
0.000253
0.001594
0.001436
0.000061
0.000023
0.000339
0.000221
0.000062
0.000581
0.000484
0.000614
0.000280
0.000045
0.000143
0.001109
0.000039
0.005770
0.000672
0.000710
0.007665
0.000319
0.000411
0.000014
0.007159
0.000451
0.000024
0.000786
0.000409
0.000087
0.000277
0.000158
0.000633
0.009890
0.000737
0.000072
0.000798
0.000797
0.000372
0.000273
0.018223
0.000750
0.002202
0.000054
0.000430
0.000755
0.000050
0.000029
0.000018
0.000038
0.000606
0.000102
0.000371
0.000057
0.000025
0.002469
0.000094
0.000042
0.000307
0.001153
0.001886
0.000465
0.000084
0.000080
0.000637
0.000043
0.000163
0.004470
0.000397
0.000203
0.000409
0.002363
0.000385
0.000086
0.005832
0.002986
0.000402
0.000057
0.000081
0.000156
0.000236
0.000911
0.000066
0.000341
0.000230
0.000099
0.000037
0.000243
0.000116
0.000154
0.000155
0.000113
0.000058
0.000187
0.000049
0.000228
0.000026
0.000201
0.000528
0.000165
0.001266
0.000047
0.000044
0.000556
0.000067
0.000364
0.000365
0.000040
0.000024
0.000489
0.000156
0.000258
0.000129
0.003474
0.000260
0.000078
0.000464
0.000028
0.000189
0.000646
0.000015
0.000148
0.000943
0.000056
0.000188
0.000039
0.002992
0.000021
0.000064
0.001625
0.000890
0.000365
0.000936
0.000017
0.000041
0.000069
0.001147
0.000052
0.000395
0.000176
0.002899
0.000942
0.000117
0.000105
0.000050
0.000069
0.000289
0.000267
0.000067
0.000113
0.000210
0.000027
0.000172
0.000722
0.012286
0.000018
0.000879
0.000464
0.001623
0.000172
0.000086
0.000462
0.006053
0.006388
0.000128
0.000563
0.000051
0.000926
0.000072
0.000328
0.000472
0.000467
0.000794
0.000794
0.000337
0.000101
0.000096
0.000021
0.002194
0.007832
0.000102
0.000352
0.000035
0.005101
0.000963
0.000840
0.000741
0.002278
0.003003
0.000320
0.000875
0.000584
0.000109
0.002542
0.005146
0.000101
0.000284
0.000332
0.000046
0.000517
0.000389
0.000062
0.000109
0.000316
0.000079
0.000635
0.000930
0.000569
0.000567
0.000316
0.001855
0.000963
0.000077
0.000539
0.000130
0.000110
0.000989
0.000022
0.003377
0.000160
0.000163
0.000078
0.000016
0.000347
0.000427
0.000165
0.000212
0.001245
0.000804
0.000509
0.000024
0.000074
0.000219
0.000164
0.000091
0.004790
0.000148
0.000020
0.000080
0.001339
0.000572
0.000753
0.000273
0.000041
0.000094
0.006447
0.000698
0.000040
0.000167
0.000279
0.001189
0.000048
0.000047
0.000287
0.005384
0.000055
0.000086
0.000128
0.000103
0.000301
0.000099
0.000021
0.000210
0.000382
0.000789
0.000231
0.000043
0.000022
0.002235
0.000205
0.000305
0.000119
0.001461
0.001569
0.000635
0.000195
0.000088
0.000060
0.000025
0.000030
0.000390
0.000039
0.000058
0.000231
0.000430
0.000028
0.000506
0.000356
0.000160
0.000439
0.000640
0.000020
0.000154
0.000053
0.000023
0.001034
0.000410
0.004905
0.000116
0.000808
0.001966
0.000690
0.000266
0.007907
0.000225
0.000153
0.000025
0.000197
0.000990
0.000413
0.000030
0.000264
0.001187
0.000116
0.000434
0.000129
0.000084
0.000098
0.008916
0.000102
0.000035
0.000996
0.000020
0.002220
0.000085
0.000065
0.000119
0.000341
0.000199
0.000295
0.003560
0.001495
0.000648
0.000054
0.000155
0.000184
0.000021
0.000094
0.002466
0.000159
0.000368
0.000870
0.001649
0.000266
0.000548
0.003297
0.000666
0.000029
0.000438
0.000128
0.000115
0.002140
0.001661
0.000015
0.000027
0.000253
0.001480
0.000141
0.000708
0.002094
0.001637
0.000145
0.000079
0.000068
0.000603
0.000347
0.000801
0.000232
0.000199
0.000036
0.000024
0.000070
0.000079
0.000220
0.000528
0.000122
0.000030
0.000549
0.000128
0.000078
0.002231
0.000651
0.000111
0.000227
0.000197
0.000207
0.000089
0.000059
0.000151
0.004115
0.001724
0.002598
0.001586
0.015962
0.001412
0.000052
0.000139
0.005745
0.000074
0.001330
0.000460
0.000685
0.000024
0.063299
0.000215
0.001004
0.000391
0.000977
0.001394
0.000184
0.000051
0.010906
0.000223
0.000156
0.004586
0.000515
0.000433
0.000017
0.000037
0.003461
0.000180
0.000915
0.000315
0.002477
0.002718
0.000301
0.000037
0.000120
0.000084
0.000890
0.000017
0.001496
0.000136
0.000630
0.000398
0.000020
0.000092
0.000121
0.000138
0.001000
0.000102
0.000063
0.000262
0.001674
0.000988
0.000043
0.000494
0.000057
0.006712
0.000685
0.000082
0.000853
0.000186
0.002771
0.000214
0.000825
0.006541
0.002048
0.000500
0.000076
0.000095
0.000036
0.000067
0.000046
0.001926
0.000156
0.003005
0.000081
0.002063
0.000036
0.000040
0.000314
0.000089
0.004967
0.000965
0.003834
0.001362
0.000086
0.000671
0.000120
0.000191
0.000098
0.000724
0.000382
0.001079
0.000508
0.000127
0.000029
0.001301
0.000101
0.002684
0.000435
0.000056
0.000023
0.000083
0.000064
0.000079
0.000040
0.000250
0.000076
0.000118
0.000084
0.001446
0.000040
0.000150
0.000340
0.000072
0.000054
0.004304
0.002134
0.001576
0.000307
0.000032
0.000081
0.000129
0.000023
0.015344
0.000710
0.000025
0.000012
0.000263
0.001699
0.000091
0.000353
0.000285
0.000244
0.000362
0.000653
0.000071
0.001599
0.004236
0.000088
0.022105
0.005194
0.000117
0.000237
0.001984
0.000451
0.011364
0.000784
0.000201
0.000189
0.000025
0.000027
0.000463
0.000926
0.002672
0.003099
0.000033
0.000144
0.015829
0.000944
0.000023
0.000082
0.000793
0.001299
0.000209
0.000149
0.000138
0.000107
0.001091
0.000096
0.005688
0.000114
0.000045
0.010010
0.000089
0.000113
0.000065
0.000116
0.012448
0.000590
0.000037
0.000037
0.000060
0.005866
0.000072
0.000178
0.000184
0.001814
0.000324
0.000092
0.000238
0.000771
0.000408
0.001210
0.000268
0.000034
0.000067
0.000074
0.000079
0.000816
0.000134
0.000068
0.001045
0.000291
0.000214
0.004014
0.000777
0.000251
0.000174
0.000865
0.000420
0.000027
0.000314
0.000199
0.000035
0.000586
0.001960
0.000516
0.002718
0.000032
0.000087
0.000411
0.000132
0.001199
0.000657
0.000148
0.000183
0.001246
0.000100
0.000450
0.000244
0.000382
0.000489
0.000064
0.000244
0.000573
0.000106
0.001476
0.000043
0.001572
0.000361
0.000452
0.000238
0.000675
0.000880
0.001513
0.000036
0.002634
0.000019
0.000086
0.000131
0.000197
0.000062
0.000032
0.000018
0.000027
0.000433
0.000173
0.000475
0.001047
0.000040
0.000170
0.000094
0.002227
0.000426
0.000582
0.006843
0.000254
0.001025
0.000342
0.000793
0.000782
0.000091
0.000014
0.000076
0.000041
0.000048
0.000689
0.000038
0.001370
0.000352
0.000465
0.000015
0.000088
0.000018
0.001286
0.017034
0.000052
0.000022
0.000095
0.000793
0.001091
0.000600
0.000398
0.000150
0.000656
0.005259
0.000182
0.000294
0.000245
0.000206
0.000237
0.000300
0.000638
0.000500
0.000458
0.000359
0.000218
0.000938
0.003307
0.006262
0.001092
0.006078
0.000474
0.000063
0.000039
0.002603
0.000537
0.000345
0.000019
0.000167
0.000216
0.000102
0.000276
0.000520
0.000074
0.000043
0.000070
0.001170
0.000031
0.000034
0.000230
0.000149
0.011800
0.000240
0.001380
0.001976
0.000450
0.000626
0.000025
0.000385
0.000438
0.000510
0.000078
0.000049
0.000026
0.005049
0.000272
0.000150
0.006226
0.000290
0.000622
0.000034
0.000174
0.001780
0.000296
0.000176
0.000995
0.000017
0.000246
0.001724
0.000291
0.000131
0.000259
0.000033
0.000069
0.000208
0.000074
0.000161
0.000269
0.000968
0.071934
0.000544
0.000132
0.000180
0.000456
0.003417
0.001270
0.000039
0.000590
0.000155
0.000195
0.000069
0.000165
0.000175
0.000050
0.000171
0.000223
0.000031
0.000107
0.000101
0.000067
0.000150
0.004669
0.000076
0.000039
0.001088
0.001964
0.003620
0.000040
0.000146
0.002049
0.000130
0.000414
0.000658
0.000267
0.000013
0.000916
0.000025
0.002772
0.000680
0.000168
0.001634
0.000320
0.001196
0.000335
0.000042
0.000662
0.000058
