0.001484
0.001345
0.001858
0.006425
0.000195
0.000303
0.003439
0.000149
0.000199
0.000208
0.002476
0.000480
0.000243
0.000177
0.000224
0.000911
0.000373
0.002334
0.002660
0.000240
0.000750
0.000393
0.000225
0.000434
0.000467
0.000443
0.000665
0.000894
0.001412
0.000530
0.000560
0.000523
0.001188
0.000688
0.000198
0.000639
0.000301
0.000251
0.003097
0.004033
0.000295
0.000137
0.000263
0.000440
0.000836
0.001413
0.000171
0.000948
0.000482
0.003526
0.000501
0.000589
0.000301
0.000671
0.000705
0.000376
0.000642
0.000205
0.000397
0.001756
0.001147
0.000120
0.000212
0.003584
0.000406
0.000772
0.000229
0.001516
0.000783
0.000607
0.000282
0.000603
0.004319
0.000540
0.000505
0.000196
0.000315
0.001367
0.000634
0.000408
0.000237
0.001047
0.000394
0.000417
0.001485
0.000278
0.000594
0.000232
0.006262
0.000300
0.011028
0.001170
0.001717
0.000215
0.000620
0.000227
0.000451
0.003431
0.000715
0.001380
0.000745
0.000199
0.003953
0.000344
0.000580
0.000200
0.001011
0.033455
0.001577
0.000311
0.003018
0.000178
0.002014
0.000751
0.000494
0.002354
0.000446
0.000444
0.004139
0.000495
0.007788
0.001991
0.000590
0.000651
0.000180
0.000529
0.000604
0.000866
0.000409
0.000235
0.004010
0.000195
0.000956
0.000321
0.000479
0.000371
0.001201
0.001335
0.001031
0.001204
0.001596
0.000469
0.000268
0.000654
0.000218
0.000897
0.012415
0.001426
0.000411
0.000716
0.000230
0.002007
0.003905
0.000561
0.000475
0.000216
0.001396
0.000354
0.000212
0.003506
0.000371
0.000985
0.000826
0.000225
0.000731
0.000683
0.000367
0.000351
0.000529
0.000587
0.000322
0.005427
0.002859
0.000793
0.000464
0.000280
0.000506
0.000985
0.001003
0.004414
0.000271
0.000639
0.002811
0.013629
0.000826
0.001575
0.000141
0.000338
0.000605
0.001113
0.000334
0.000304
0.000569
0.002612
0.000337
0.000893
0.000496
0.000334
0.000192
0.001519
0.000426
0.003751
0.000239
0.001069
0.000380
0.000203
0.000276
0.000314
0.000474
0.000448
0.000292
0.000151
0.000243
0.000370
0.000265
0.000670
0.000324
0.000735
0.000582
0.000667
0.000302
0.000142
0.002568
0.000336
0.000596
0.000812
0.000972
0.000687
0.000427
0.000957
0.000420
0.000371
0.001851
0.000517
0.000311
0.000222
0.001172
0.000382
0.000302
0.000722
0.001926
0.002546
0.000407
0.002938
0.000259
0.000355
0.000183
0.000699
0.000152
0.000272
0.000270
0.000188
0.001420
0.000491
0.004778
0.000703
0.011685
0.000324
0.000186
0.004063
0.000791
0.000406
0.001294
0.000358
0.000634
0.000930
0.000518
0.000206
0.000216
0.001375
0.027475
0.000304
0.025335
0.000247
0.002672
0.000610
0.000673
0.000633
0.000392
0.000684
0.000391
0.022006
0.000699
0.011549
0.000265
0.001022
0.000310
0.016809
0.000563
0.000823
0.000171
0.000305
0.000312
0.000600
0.014871
0.000508
0.000593
0.000503
0.000316
0.000426
0.001507
0.000206
0.000474
0.001588
0.000298
0.000421
0.000447
0.000556
0.000406
0.000146
0.000263
0.000295
0.001880
0.000964
0.000190
0.000323
0.000535
0.000442
0.001801
0.000503
0.010430
0.000697
0.001370
0.000399
0.000238
0.000883
0.000199
0.000299
0.000804
0.000854
0.004502
0.001320
0.000536
0.030162
0.000249
0.000728
0.000314
0.000125
0.000131
0.000491
0.000394
0.000787
0.000483
0.000748
0.000414
0.000250
0.018671
0.000374
0.000777
0.002239
0.002354
0.000584
0.000167
0.000394
0.001366
0.004386
0.000127
0.000218
0.000183
0.000381
0.000315
0.000239
0.000180
0.001335
0.000725
0.000627
0.000258
0.000253
0.001335
0.000418
0.000340
0.001198
0.001481
0.000552
0.000474
0.001942
0.001706
0.000714
0.000218
0.000621
0.000315
0.001632
0.001920
0.000369
0.000312
0.000349
0.001186
0.012390
0.000237
0.000532
0.001507
0.000339
0.000824
0.000830
0.000226
0.000149
0.000519
0.000326
0.000519
0.000157
0.000319
0.000182
0.000680
0.000229
0.002390
0.000860
0.000569
0.000205
0.000532
0.001329
0.000654
0.000538
0.000179
0.000466
0.000719
0.000283
0.002208
0.000916
0.000550
0.000283
0.000458
0.001348
0.000288
0.004185
0.000354
0.000166
0.000339
0.000146
0.000241
0.000306
0.000586
0.000590
0.000642
0.000992
0.000423
0.000766
0.000302
0.003873
0.001310
0.000144
0.000547
0.000199
0.000194
0.000220
0.000513
0.000877
0.000391
0.000760
0.000382
0.000150
0.000636
0.000218
0.000312
0.000503
0.000844
0.000421
0.004168
0.000576
0.000941
0.000669
0.000348
0.000180
0.000305
0.000289
0.000375
0.000960
0.000513
0.000338
0.000300
0.000380
0.001153
0.000496
0.000645
0.004745
0.000228
0.000512
0.000462
0.000198
0.000893
0.000505
0.000293
0.000227
0.000859
0.000788
0.000928
0.000468
0.004087
0.000171
0.001338
0.000698
0.000401
0.000165
0.000950
0.000513
0.000361
0.000242
0.000272
0.000797
0.000539
0.000123
0.000200
0.000523
0.017800
0.000216
0.000273
0.000367
0.004803
0.000783
0.000246
0.000558
0.000969
0.000327
0.000239
0.000213
0.000307
0.005519
0.001397
0.000494
0.003134
0.000288
0.000129
0.008366
0.000321
0.002010
0.001694
0.000302
0.000291
0.000437
0.000786
0.000399
0.000228
0.000691
0.000211
0.000278
0.000197
0.000104
0.000368
0.000388
0.000233
0.000201
0.000096
0.000883
0.000410
0.002760
0.000727
0.000292
0.000232
0.000461
0.000950
0.000288
0.004988
0.000422
0.001157
0.003817
0.000459
0.001677
0.000678
0.001975
0.000228
0.010082
0.000769
0.000304
0.000266
0.000658
0.000254
0.000279
0.000274
0.000823
0.000186
0.000298
0.000275
0.000494
0.000296
0.004094
0.000263
0.000330
0.000671
0.000371
0.000267
0.002286
0.000991
0.007375
0.018412
0.000417
0.000468
0.000387
0.000608
0.000585
0.002033
0.001248
0.000514
0.000338
0.000717
0.003885
0.000244
0.000539
0.006886
0.001487
0.000248
0.000169
0.000938
0.000464
0.000227
0.002634
0.000281
0.000734
0.000433
0.000389
0.001920
0.000309
0.000490
0.000472
0.000307
0.000197
0.001029
0.002516
0.000737
0.000632
0.003967
0.004096
0.000245
0.045231
0.000460
0.000935
0.000356
0.002160
0.001821
0.002429
0.000631
0.000423
0.000277
0.000347
0.000181
0.000730
0.000449
0.000388
0.000573
0.000191
0.003094
0.000186
0.000382
0.021391
0.000364
0.004124
0.000918
0.004780
0.001805
0.001269
0.000224
0.000477
0.000579
0.000173
0.001773
0.000933
0.000558
0.002141
0.000470
0.004512
0.000309
0.000257
0.001207
0.000264
0.000771
0.002443
0.001091
0.000813
0.001046
0.000968
0.001284
0.000785
0.001289
0.000768
0.000335
0.000260
0.000415
0.001716
0.000871
0.000150
0.000446
0.000327
0.000286
0.003429
0.000217
0.000265
0.000475
0.000360
0.004018
0.000413
0.002898
0.000520
0.000375
0.000416
0.004144
0.000808
0.000828
0.000207
0.000190
0.000880
0.001980
0.001096
0.000406
0.002039
0.000628
0.000979
0.001600
0.000301
0.000222
0.001709
0.001030
0.000117
0.003242
0.000205
0.001121
0.001587
0.000650
0.001680
0.000199
0.000267
0.004883
0.000287
0.000696
0.000887
0.014959
0.000341
0.000097
0.000479
0.000370
0.000960
0.000970
0.003281
0.000381
0.001278
0.000745
0.000852
0.000414
0.000472
0.002391
0.000380
0.000410
0.000523
0.015934
0.001338
0.000549
0.000260
0.001265
0.000180
0.001999
0.001010
0.000452
0.000282
0.004387
0.000515
0.000359
0.000150
0.000277
0.000164
0.000201
0.000278
0.000420
0.000492
0.001270
0.000272
0.001695
0.002188
0.000368
0.001716
0.000295
0.001202
0.000244
0.002245
0.000357
0.000784
0.000328
0.000256
0.000497
0.001036
0.000469
0.000848
0.000198
0.000617
0.001015
0.000340
0.000319
0.001113
0.003861
0.000166
0.000595
0.000843
0.002886
0.000224
0.000975
0.000731
0.000206
0.000302
0.000658
0.000361
0.000249
0.000503
0.000396
0.001810
0.001299
0.000172
0.025911
0.000851
0.000193
0.000272
0.000364
0.000377
0.000197
0.000375
0.000188
0.000630
0.000299
0.000253
0.000238
0.000156
0.000654
0.000590
0.000580
0.000173
0.000222
0.006532
0.000317
0.000445
0.001823
0.000244
0.000304
0.000112
0.000351
0.000955
0.001315
0.000272
0.000874
0.000792
0.000785
0.000546
0.000422
0.002197
0.000194
0.001282
0.000286
0.011319
0.000338
0.001008
0.000685
0.003792
0.000975
0.000454
0.000321
0.001036
0.000424
0.001922
0.000426
0.000340
0.001306
0.000369
0.000572
0.000740
0.000532
0.000513
0.000409
0.014040
0.004627
0.000710
0.000465
0.000532
0.001340
0.000548
0.000239
0.000257
0.000340
0.000331
0.002360
0.000177
0.000598
0.000362
0.025565
0.000534
0.000177
0.014932
0.002491
0.000581
0.000331
0.000198
0.000199
0.001147
0.000239
0.001809
0.000152
0.000579
0.004297
0.000306
0.000510
0.001821
0.001088
0.000340
0.000429
0.000239
0.000632
0.001025
0.000718
0.000156
0.000192
0.005160
0.002005
0.000644
0.000470
0.000227
0.000327
0.000477
0.000233
0.000703
0.004163
0.000599
0.000653
0.000312
0.000578
0.011319
0.000236
0.000968
0.000350
0.001043
0.004973
0.000323
0.006040
0.000451
0.013047
0.000437
0.002579
0.000836
0.001598
0.000292
0.000877
0.000357
0.001165
0.000574
0.000296
0.000289
0.000187
0.000523
0.000529
0.003860
0.000137
0.000628
0.000728
0.001150
0.000381
0.000294
0.001036
0.000224
0.000493
0.000492
0.000469
0.000909
0.008154
0.000195
0.001098
0.006367
0.000234
0.000582
0.000216
0.000249
0.001282
0.000221
0.000239
0.000163
0.011357
0.000366
0.000199
0.007866
0.000405
0.002585
0.000473
0.000818
0.000342
0.000252
0.001824
0.000199
0.001583
0.000381
0.000741
0.000354
0.000175
0.000280
0.001001
0.000523
0.001589
0.000268
0.000482
0.000232
0.002216
0.000878
0.000645
0.000124
0.002162
0.000195
0.000483
0.000408
0.000355
0.000216
