0.097039
0.016030
0.880441
0.012406
0.000513
2.399937
0.580636
0.552051
0.001603
1.049143
0.126332
0.077355
0.000697
0.122311
0.015332
0.045151
0.002279
0.000416
0.022498
0.004580
0.013840
0.005650
0.233875
0.144457
0.291248
0.135505
0.312235
0.136085
0.011481
0.133105
0.000719
0.023131
0.055505
0.163935
0.006015
0.002846
0.001006
0.068578
0.026846
0.119206
0.690940
0.003965
0.148761
2.234816
0.014441
0.050309
0.001667
0.213528
0.002187
0.661452
0.002266
0.007180
0.028732
0.017432
0.034075
0.014442
0.110496
0.043840
0.006430
0.001447
0.001282
0.014289
0.071532
0.001092
0.003092
0.346104
0.072943
0.043099
0.071966
0.462552
0.137273
0.008967
0.042053
0.477097
0.006205
0.001288
0.007352
0.026281
0.005333
0.490426
0.020151
0.004922
0.024189
0.067988
0.009365
0.001851
0.099226
0.002090
0.020691
0.479434
0.033447
0.016399
0.001689
0.238692
0.001228
0.004569
0.064756
0.407638
0.001616
0.037198
0.002385
0.001710
0.051982
0.006306
0.003927
0.035856
0.181976
0.030547
0.049523
0.558472
0.113462
0.002377
0.003582
0.001305
0.007834
0.003344
0.009730
0.033425
0.001117
0.093075
0.004015
0.002019
0.009049
0.027352
0.045911
0.164806
0.006863
0.598300
0.020136
0.043681
0.011417
0.368559
0.023293
0.035111
0.012315
0.014340
0.394558
1.864644
0.803679
0.029197
0.045284
0.025235
0.025804
0.089044
0.674082
0.910237
0.054865
0.002341
0.005658
0.014383
0.112394
0.058419
0.002381
0.027703
0.004830
0.039943
0.456678
0.009650
0.009384
0.113231
0.199790
0.001255
0.005152
0.061395
0.016767
0.714856
0.073380
0.058879
0.001279
0.228945
0.044141
0.003944
0.007478
0.003084
0.222980
0.004485
0.011859
0.008789
0.031074
0.051632
0.017273
0.016859
0.055474
0.000993
0.005326
0.049232
0.018353
0.021268
0.067138
0.004741
0.003088
0.006354
0.002469
0.004002
0.118015
0.001644
0.109442
0.006934
0.025248
0.012758
0.002858
0.001414
0.044799
0.003585
0.051915
0.021510
0.021181
0.057260
0.000889
0.051615
0.006367
0.019564
0.002970
0.023592
0.095014
0.000760
0.002088
0.018641
0.663254
0.111865
0.000978
0.019357
0.013194
0.092190
0.009502
0.005191
0.141387
0.157608
0.002040
0.535919
0.017317
0.002084
0.021562
0.000852
0.000465
0.004715
0.010301
0.001918
0.403060
0.831122
0.005500
0.027662
0.007141
0.000743
0.051752
0.037374
0.153777
0.008190
0.015948
0.024530
0.008097
0.029401
0.011260
1.957652
0.045702
0.003649
0.100058
0.001057
0.011853
0.030198
0.452024
0.004846
0.009200
0.002975
0.189366
0.001317
0.011389
0.006010
0.004453
0.336058
0.044478
0.016341
0.804316
0.152018
0.545692
0.003436
0.079379
0.691070
0.039067
0.003252
0.149410
0.015588
0.013361
0.001903
0.120805
0.013592
0.011978
0.010709
0.124698
0.010138
0.003026
0.002898
0.003939
0.006016
0.006559
0.413308
0.364083
0.004192
0.002653
0.053317
0.013500
0.009073
0.074525
0.000930
0.015500
0.073088
0.002711
0.338110
0.017927
8.272296
0.008006
0.002262
0.009400
0.030164
1.348250
0.003040
0.067730
0.015533
0.023920
0.093945
0.001708
0.013710
0.016914
1.414563
0.010948
0.003712
0.025865
0.052142
0.136251
0.004512
0.024923
0.003442
0.469524
1.708489
0.171594
0.091464
0.208095
0.220150
0.013567
0.001721
0.117694
0.005731
0.509559
0.000755
0.001677
0.073341
0.219850
0.031980
0.001662
0.004882
0.006251
0.639199
0.006558
0.763727
0.204895
0.010333
0.046121
0.053376
0.001203
0.108502
0.012680
0.090690
0.019399
0.336697
0.177492
0.021988
0.009084
0.002620
0.000685
0.094472
0.026383
0.001678
0.008487
0.005694
0.019960
0.001220
0.000509
0.014153
0.010139
0.001625
0.206687
0.808785
0.024937
0.015214
0.611301
1.279169
0.067337
0.005678
0.008625
0.002452
0.003969
0.009947
0.290780
0.008098
0.033744
1.566794
0.831435
0.024715
0.052042
0.191772
0.038163
0.014357
0.000864
0.001325
0.048984
0.007414
0.000441
0.030216
0.028741
0.012753
0.019763
0.002973
0.005478
0.048160
0.000294
0.065631
0.420519
0.018413
0.277525
0.146652
0.084700
0.008305
0.003823
0.053396
0.001783
0.036125
0.000884
0.002217
0.030553
0.016192
0.003234
0.098695
0.006894
0.023383
0.008681
0.078071
0.253545
0.248543
9.852388
0.042847
0.002222
0.010184
0.002095
0.004444
0.009622
0.004046
0.007293
0.011381
0.000617
0.089085
0.014161
0.111114
0.152363
0.009902
0.001087
0.032953
0.004407
0.001168
0.005534
0.107456
0.089529
0.000743
0.056772
0.001496
0.003503
0.001878
0.085266
0.012443
0.002263
0.003788
0.013684
0.049376
0.068442
0.006480
0.145100
0.596037
0.001268
0.386824
0.798538
0.001740
0.032303
0.104843
0.131489
0.001112
0.005201
0.054122
0.005391
0.015431
0.029798
0.023190
0.319128
0.078168
0.339949
0.431148
0.037605
0.278367
0.026528
0.003896
0.296602
0.081335
0.022157
0.001532
0.006557
0.063732
0.026609
0.004825
0.050334
0.014371
0.026181
0.003597
0.041505
0.000724
0.501320
0.207133
0.010665
0.001191
0.027990
0.022853
0.691191
0.011852
0.020308
0.000542
0.018596
0.268113
0.075807
0.044853
0.158799
0.001919
0.010443
0.013679
0.015106
0.065945
0.027208
0.000446
0.003807
0.000490
0.004379
0.016930
0.073477
0.590560
0.002736
0.029754
0.005564
0.010744
0.003895
0.006897
0.010644
0.007548
0.001713
0.130232
0.009690
0.001803
0.004835
0.022019
0.004559
0.002769
0.219575
0.000600
0.014153
0.073616
0.087426
0.025191
0.229224
0.000724
0.010289
0.043911
0.005164
0.032572
0.005950
0.001475
0.123334
0.008113
0.008804
0.008074
0.002923
0.002957
0.002517
0.007651
0.004884
0.003077
0.004339
4.000263
4.486156
0.001713
0.009071
0.222681
0.036834
1.255746
0.022687
0.011054
0.049058
0.041729
0.013219
0.011240
0.009526
0.005237
0.109948
0.224671
0.003157
0.060073
0.012399
0.020849
0.000500
0.007437
0.034806
0.024400
0.001091
0.002375
0.000991
0.002438
0.230499
0.007157
0.000701
0.193645
0.009015
0.060119
0.063951
0.002970
0.021639
0.026728
0.002031
1.045629
0.036686
0.164369
0.002672
0.062574
0.001328
0.263659
0.005999
0.068670
0.003199
0.010307
0.001236
0.108703
0.049599
0.030043
0.001899
0.059954
0.021219
0.146279
0.553816
0.003938
0.033923
0.003051
0.000779
0.001407
0.004651
0.049389
0.002382
0.002974
0.020840
0.218029
0.011558
0.060482
0.029639
3.102828
0.350228
0.002809
0.166310
0.001012
0.013809
0.001987
0.002081
0.184358
0.331869
0.003969
0.025867
0.001827
0.008686
0.015868
0.000890
0.053338
0.044465
0.010918
0.001129
0.008050
0.043244
0.261062
0.002041
0.003424
0.425361
0.069500
0.001105
0.038726
0.008581
0.018787
0.001485
0.006564
0.604708
0.061564
0.029803
0.007805
0.014720
0.002207
0.011757
0.641088
0.005406
0.003280
0.005624
0.041564
0.001879
0.211442
0.001817
1.736583
0.003331
0.006517
0.028063
0.036152
0.023281
0.112976
0.101595
0.003007
0.090882
2.923155
0.005001
0.024865
0.006945
0.166348
0.004105
0.031458
0.469599
0.031704
0.016925
0.052422
0.034601
0.091486
0.014777
0.020508
0.013282
0.011742
0.318498
0.010512
0.001844
0.006022
0.006076
0.052090
0.006540
0.008903
0.280037
0.003250
0.014415
0.291135
0.735400
0.011576
0.002404
0.024462
0.007724
0.531338
0.281422
0.004321
0.033380
0.185474
0.124784
0.020887
0.001525
0.011095
0.010629
0.006935
0.462593
0.160048
0.009307
0.012292
0.758741
0.000561
0.007190
0.010492
0.017516
0.056468
0.112327
0.011329
0.043896
0.024635
1.623975
0.017366
0.002398
1.254315
0.000518
0.075894
0.832276
0.002649
0.000780
0.045659
0.071437
0.023183
0.000760
0.002960
0.001950
0.208317
1.235678
0.203526
0.005327
0.354704
0.448805
0.001262
0.020095
0.007269
0.005368
0.207900
0.244596
0.249729
0.019590
0.001321
0.003158
0.096322
0.006195
0.051038
0.002666
0.005782
0.086161
0.001667
0.023989
0.127915
0.008301
0.005204
0.084300
0.016985
0.509224
0.158162
0.013550
0.318136
0.000509
0.000580
0.137922
0.009583
0.011069
0.060978
0.061339
0.001651
0.016608
0.029606
0.007387
0.006787
0.002515
0.035310
0.039593
0.046009
0.001199
0.006389
0.010447
0.089127
1.012414
0.003095
0.012499
0.003789
0.006735
0.102405
0.003724
0.009172
0.029445
0.198365
0.002192
0.002082
0.061507
0.013236
0.003787
0.018941
0.001894
0.130689
0.038339
0.324179
0.005063
0.001424
0.021942
0.310819
0.015258
0.002635
0.008253
0.022638
0.006163
0.001941
0.892040
0.093909
0.002062
0.002226
0.011524
0.005106
0.031308
0.049399
0.001942
0.028848
0.002665
0.002089
0.017000
0.024025
0.006591
0.134693
0.029544
0.021631
0.013993
0.032897
0.039290
0.000829
0.073400
0.020844
0.046699
0.541297
0.039017
0.021573
0.010839
0.003015
0.017265
0.162684
0.885049
0.309853
0.062148
1.319099
0.014492
0.229432
0.205706
0.054453
0.024679
0.070526
0.048530
0.002181
0.012443
0.009901
0.004567
0.125160
0.092810
0.117556
0.006441
0.004346
0.000559
0.005618
0.003090
0.001968
0.019783
0.028501
0.001705
0.182606
0.033731
0.044129
0.015686
0.043760
0.102775
0.001099
0.001989
0.000611
0.199646
0.371992
0.006837
0.010453
0.001017
0.014279
0.010427
0.265948
0.041113
0.000681
0.030693
0.000648
0.043550
0.019388
0.367036
0.008554
0.006289
0.080343
1.021393
0.130839
0.053544
0.009864
0.003318
0.002144
0.102411
0.013240
0.042489
0.039305
0.028716
0.081324
0.480258
0.089020
0.018466
0.049278
0.081935
0.218186
0.350816
0.063137
0.043823
0.003670
0.024054
0.000754
0.152556
0.016851
0.114885
0.001243
0.003896
0.224292
0.027550
0.013319
0.053998
0.000637
0.362688
0.271647
0.014763
0.033825
0.049659
0.004550
0.050297
1.022451
0.079213
0.003376
