0.030571
0.002566
0.059940
0.003829
0.004801
0.001511
0.000746
0.012793
0.002189
0.003127
0.011378
0.000436
0.003198
0.001422
0.004220
0.002450
0.005221
0.003919
0.183484
0.001638
0.037665
0.013520
0.106205
0.037994
0.005471
0.000575
0.130354
0.004520
0.074877
0.001129
0.003494
0.000732
0.002143
0.076902
0.001655
0.002825
0.001164
0.062504
0.001948
0.026758
0.010523
0.001847
0.013317
0.001350
0.001834
0.000259
0.003654
0.017312
0.000676
0.002788
0.020104
0.009863
0.049204
0.003261
0.000810
0.007551
0.024532
0.003639
0.000457
0.017935
0.010527
0.013568
0.004214
0.002611
0.002216
0.013822
0.000915
0.007921
0.055152
0.000584
0.066556
0.215758
0.010755
0.018045
0.002738
0.001015
0.030316
0.063674
0.008524
0.006963
0.000537
0.134550
0.012100
0.016659
0.011054
0.000848
0.002987
0.108249
0.002986
0.001140
0.005177
0.002954
0.001235
0.005615
0.036885
0.006927
0.000796
0.005511
0.058107
0.008266
0.006482
0.002085
0.002038
0.003940
0.000519
0.002273
0.003043
0.017987
0.001206
0.002318
0.015851
0.000658
0.003384
0.000918
0.002472
0.004517
0.001385
0.007860
0.006304
0.002572
0.028865
0.472116
0.003416
0.003778
0.000852
0.000908
0.021636
0.000586
0.001137
0.002028
0.011144
0.001701
0.012725
0.014582
0.001858
0.028234
0.000698
0.017084
0.000884
0.006925
0.004851
0.005178
0.028007
0.018609
0.007297
0.000551
0.032965
0.008421
0.022251
0.154988
0.006850
0.001654
0.008154
0.014417
0.004139
0.031687
0.024742
0.002102
0.162346
0.003900
0.004782
0.002784
0.007126
0.002544
0.008475
0.003867
0.003288
0.001958
0.002682
0.036214
0.002215
0.002095
0.003466
0.037880
0.000468
0.004522
0.006671
0.009045
0.021566
0.004223
0.001393
0.051266
0.003548
0.005225
0.043866
0.003233
0.003464
0.002574
0.006174
0.001256
0.002493
0.016761
0.005875
0.009043
0.001020
0.002690
0.002290
0.001488
0.003175
0.001132
0.039698
0.005378
0.051020
0.000818
0.001487
0.033757
0.012268
0.002402
0.005290
0.000656
0.004769
0.003808
0.275291
0.004678
0.056267
0.006281
0.005968
0.001469
0.002379
0.010393
0.009401
0.018929
0.001499
0.016368
0.005441
0.000381
0.002436
0.000477
0.019294
0.003993
0.003144
0.003952
0.017758
0.001964
0.109540
0.001313
0.001377
0.002124
0.004552
0.003849
0.007541
0.002330
0.004501
0.002113
0.014767
0.002891
0.297020
0.002372
0.006131
0.005609
0.010660
0.000937
0.009703
0.010248
0.014867
0.000658
0.002096
0.013263
0.000926
0.003740
0.003131
0.003813
0.011689
0.028562
0.021210
0.001664
0.000461
0.006870
0.000361
0.006819
0.008864
0.016402
0.012441
0.001379
0.000885
0.000624
0.165698
0.033507
0.016159
0.055918
0.027721
0.009718
0.036609
0.000700
0.000970
0.072855
0.007851
0.006011
0.000769
0.002611
0.032108
0.004116
0.007240
0.002570
0.012969
0.065507
0.005970
0.004193
0.002639
0.000651
0.006174
0.003861
0.001438
0.005468
0.000475
0.012110
0.016978
0.001845
0.002296
0.002494
0.007544
0.002750
0.005896
0.000255
0.001782
0.004757
0.001889
0.003959
0.033742
0.006292
0.001205
0.000385
0.004029
0.004684
0.035434
0.014044
0.035249
0.003154
0.000967
0.010769
0.001443
0.015068
0.001163
0.000920
0.006383
0.002110
0.003897
0.009326
0.000699
0.005378
0.014483
0.019164
0.001326
0.000382
0.001784
0.027249
0.000553
0.010260
0.000513
0.002852
0.242337
0.000695
0.002209
0.005002
0.001169
0.006933
0.003631
0.012413
0.002140
0.030206
0.001372
0.006784
0.000950
0.002001
0.002281
0.003769
0.001402
0.025063
0.022263
0.021572
0.008438
0.006681
0.010372
0.000817
0.000648
0.010833
0.005049
0.001900
0.002272
0.005997
0.001846
0.005648
0.000876
0.018013
0.001639
0.004412
0.036583
0.002296
0.000590
0.002428
0.004017
0.003168
0.001134
0.006035
0.006867
0.002447
0.000269
0.002443
0.014195
0.009577
0.016790
0.009070
0.000683
0.030514
0.012735
0.004619
0.001437
0.007245
0.010321
0.011493
0.003213
0.021291
0.010510
0.001436
0.036352
0.005134
0.003454
0.004182
0.001660
0.004002
0.000875
0.021197
0.011584
0.007194
0.003091
0.005471
0.001602
0.001335
0.003461
0.003928
0.001652
0.002021
0.014688
0.000764
0.005620
0.004855
0.002537
0.001652
0.004069
0.005428
0.003693
0.000546
0.001347
0.001464
0.015862
0.001640
0.001029
0.001779
0.001653
0.020169
0.005028
0.002298
0.001209
0.001887
0.001040
0.000219
0.001409
0.017268
0.001090
0.016695
0.000580
0.002768
0.002401
0.010281
0.015342
0.008190
0.002770
0.011580
0.002239
0.005115
0.002435
0.002739
0.001561
0.033649
0.000811
0.082318
0.005891
0.028136
0.003551
0.008267
0.000669
0.001945
0.003278
0.008917
0.053892
0.002016
0.005973
0.000259
0.000327
0.009949
0.005922
0.010347
0.001176
0.043057
0.005058
0.007900
0.010754
0.054788
0.033820
0.001310
0.004528
0.001391
0.001399
0.034387
0.005311
0.001806
0.046794
0.000460
0.014864
0.027705
0.002232
0.005668
0.006109
0.005441
0.000501
0.006857
0.035718
0.033905
0.001897
0.001601
0.003239
0.002606
0.109558
0.011299
0.011518
0.000153
0.059955
0.015485
0.021503
0.006085
0.004974
0.003023
0.002138
0.002777
0.012868
0.001105
0.033942
0.005964
0.013771
0.014273
0.002406
0.002701
0.016284
0.015934
0.003271
0.002848
0.003055
0.001449
0.004924
0.002083
0.008234
0.001273
0.003008
0.035122
0.018214
0.003045
0.007509
0.007970
0.003365
0.031881
0.009117
0.010856
0.031141
0.001667
0.153633
0.011327
0.003770
0.000807
0.011679
0.073320
0.014380
0.007039
0.002277
0.037958
0.034846
0.010803
0.003086
0.001980
0.109503
0.003748
0.003864
0.002093
0.001584
0.019884
0.000788
0.016476
0.002815
0.082083
0.012922
0.007119
0.014311
0.000342
0.004101
0.001587
0.011467
0.001925
0.003603
0.015794
0.002293
0.011771
0.005399
0.011283
0.001271
0.001171
0.017167
0.005526
0.038225
0.000916
0.002380
0.001818
0.002137
0.019094
0.003508
0.015826
0.041540
0.001510
0.002473
0.000359
0.003110
0.012620
0.000629
0.000635
0.002876
0.001282
0.010233
0.150882
0.003032
0.001982
0.003002
0.000465
0.003607
0.000967
0.002922
0.001836
0.000533
0.021284
0.002589
0.001280
0.000784
0.026033
0.001482
0.015073
0.000555
0.001135
0.001429
0.009146
0.001692
0.090684
0.005191
0.001197
0.033983
0.042003
0.003054
0.016870
0.001604
0.001602
0.004172
0.000872
0.003727
0.000373
0.006519
0.000671
0.003377
0.001644
0.000469
0.025144
0.010376
0.008254
0.014259
0.000358
0.000863
0.001081
0.003108
0.004561
0.009962
0.000817
0.007020
0.020431
0.002815
0.002675
0.002248
0.001390
0.008134
0.027364
0.023894
0.004451
0.000923
0.002868
0.001898
0.000405
0.002687
0.005903
0.014052
0.011022
0.011209
0.003336
0.001623
0.000651
0.007108
0.000880
0.000922
0.002596
0.002501
0.002029
0.031793
0.001061
0.027389
0.004194
0.031441
0.000726
0.000991
0.009935
0.002069
0.003918
0.002130
0.005252
0.010012
0.055721
0.082808
0.097233
0.000298
0.000523
0.001477
0.010953
0.035042
0.019932
0.006596
0.003290
0.000283
0.003010
0.047622
0.009577
0.003775
0.006934
0.018687
0.002131
0.000955
0.005371
0.005042
0.003257
0.003220
0.008685
0.000429
0.006983
0.000478
0.001291
0.015404
0.006694
0.002535
0.002424
0.006093
0.002708
0.061138
0.000519
0.007877
0.006229
0.000495
0.028502
0.014479
0.000894
0.004334
0.000701
0.016295
0.001111
0.005708
0.005868
0.044435
0.005902
0.032050
0.001302
0.033876
0.001800
0.001264
0.062254
0.019552
0.034128
0.002196
0.076637
0.127667
0.000590
0.015587
0.001567
0.005180
0.004009
0.005002
0.014575
0.016549
0.007945
0.011186
0.007746
0.009862
0.005823
0.029668
0.000848
0.011176
0.060474
0.007075
0.018496
0.001261
0.014376
0.002009
0.007251
0.003161
0.010183
0.003025
0.012079
0.016294
0.005225
0.001732
0.239666
0.012645
0.013113
0.001201
0.028067
0.015344
0.006076
0.018011
0.015317
0.000776
0.011195
0.009439
0.013057
0.002557
0.006370
0.022766
0.006494
0.003572
0.011934
0.005540
0.005372
0.003639
0.005233
0.004041
0.007459
0.003047
0.020781
0.003297
0.000820
0.004753
0.030841
0.001627
0.001216
0.003867
0.009424
0.001199
0.030743
0.022201
0.003869
0.192675
0.013854
0.019353
0.002023
0.000423
0.000286
0.035810
0.307885
0.003746
0.009435
0.003386
0.001003
0.012929
0.006240
0.007510
0.002409
0.033546
0.010658
0.000719
0.000248
0.002518
0.001092
0.011776
0.009750
0.001690
0.001369
0.015738
0.013756
0.137777
0.005765
0.004769
0.001074
0.023723
0.071204
0.002029
0.007321
0.043227
0.001441
0.005137
0.000497
0.039706
0.014463
0.017450
0.000410
0.003758
0.002093
0.011993
0.054109
0.000915
0.001434
0.048129
0.000784
0.001113
0.138649
0.040645
0.000657
0.006452
0.008685
0.003814
0.001638
0.000570
0.004462
0.007272
0.004543
0.014990
0.004942
0.011755
0.043978
0.002234
0.006458
0.001487
0.000842
0.095010
0.004806
0.005393
0.022592
0.002503
0.000738
0.157381
0.000715
0.002016
0.002833
0.001167
0.001050
0.000831
0.005022
0.005359
0.000655
0.023405
0.008317
0.004678
0.005653
0.081757
0.023526
0.001465
0.003618
0.000833
0.000476
0.032358
0.015222
0.020484
0.039268
0.000770
0.027004
0.000540
0.033074
0.007167
0.003198
0.005036
0.015512
0.001122
0.002079
0.035970
0.024186
0.492869
0.060339
0.002583
0.003590
0.005503
0.002094
0.000285
0.007324
0.086465
0.016494
0.003704
0.000593
0.000994
0.000738
0.002516
0.001615
0.123826
0.002019
0.014353
0.003250
0.003860
0.002502
0.043474
0.015319
0.014622
0.011814
0.000983
0.001858
0.003262
0.001598
0.006086
0.007446
0.010124
0.019111
0.001607
0.001403
0.013529
0.009912
