0.019517
0.023302
0.000616
0.011599
0.002787
0.000336
0.000510
0.000916
0.000429
0.002649
0.002502
0.005430
0.001235
0.000562
0.001466
0.001075
0.005325
0.000476
0.000808
0.000455
0.002777
0.000465
0.002402
0.002643
0.000885
0.008096
0.007544
0.000889
0.001225
0.001449
0.000684
0.000667
0.004646
0.001780
0.001663
0.000321
0.000533
0.000361
0.000549
0.002274
0.000819
0.008224
0.001953
0.000803
0.001866
0.002628
0.003245
0.000936
0.001753
0.001800
0.000340
0.001553
0.000310
0.001712
0.001622
0.004496
0.000735
0.000826
0.006877
0.035450
0.003038
0.000256
0.000608
0.000654
0.000782
0.000261
0.000738
0.000799
0.007415
0.001723
0.000862
0.011627
0.002752
0.000224
0.000297
0.002792
0.002396
0.000523
0.019800
0.008440
0.002111
0.001087
0.000429
0.000451
0.000917
0.002168
0.001557
0.001418
0.000943
0.006445
0.005123
0.000327
0.002112
0.001034
0.001209
0.003286
0.002253
0.005780
0.000340
0.000767
0.003363
0.000336
0.002940
0.008123
0.009549
0.006655
0.001659
0.000470
0.000445
0.000669
0.003743
0.001625
0.003181
0.000561
0.000307
0.000663
0.000458
0.000561
0.001050
0.013229
0.001206
0.005186
0.001340
0.000330
0.003928
0.000782
0.002732
0.000621
0.016657
0.025827
0.000321
0.000373
0.002405
0.005791
0.001329
0.000330
0.000916
0.000324
0.000370
0.000562
0.000290
0.000743
0.000179
0.000306
0.000530
0.001833
0.001022
0.006202
0.000325
0.001584
0.005035
0.000274
0.000413
0.000303
0.016311
0.000454
0.016713
0.012530
0.000484
0.000693
0.000548
0.002419
0.003174
0.003097
0.000413
0.006606
0.000983
0.000550
0.001050
0.000672
0.007555
0.000611
0.000257
0.000767
0.005224
0.000198
0.002243
0.003684
0.003444
0.000345
0.002568
0.001857
0.002995
0.001406
0.004544
0.001237
0.000830
0.000758
0.002924
0.002857
0.009994
0.000478
0.001204
0.003073
0.000978
0.000532
0.000945
0.000402
0.003604
0.000649
0.002314
0.001163
0.001878
0.002780
0.000859
0.009568
0.001382
0.001000
0.002352
0.002816
0.000670
0.000411
0.000688
0.001259
0.001354
0.000397
0.002309
0.002834
0.003955
0.000495
0.001611
0.001655
0.001722
0.000744
0.003923
0.002968
0.000658
0.002392
0.024515
0.003031
0.000916
0.002756
0.000783
0.000349
0.001101
0.003651
0.008784
0.000232
0.002734
0.001817
0.000576
0.001493
0.000677
0.001562
0.002193
0.000349
0.000715
0.002084
0.000966
0.001187
0.008271
0.003677
0.021576
0.000217
0.000390
0.000279
0.000398
0.000882
0.004777
0.002928
0.000739
0.005588
0.002490
0.005591
0.000577
0.000474
0.004694
0.000277
0.002912
0.000450
0.001132
0.000554
0.000639
0.000696
0.004278
0.001853
0.001048
0.001596
0.002811
0.001372
0.001761
0.004201
0.000650
0.003632
0.000468
0.011532
0.001908
0.002428
0.000370
0.000247
0.004552
0.002157
0.001004
0.004824
0.001411
0.001134
0.002032
0.001339
0.000735
0.004139
0.000919
0.005151
0.001066
0.010523
0.002754
0.001115
0.004612
0.016605
0.000738
0.000593
0.005426
0.007330
0.002159
0.000556
0.000695
0.000330
0.000840
0.001809
0.000382
0.001720
0.001920
0.011871
0.001891
0.001092
0.001030
0.000783
0.003395
0.001402
0.019408
0.011315
0.009110
0.001038
0.004376
0.010182
0.002355
0.001711
0.003080
0.000443
0.001262
0.000869
0.001803
0.000343
0.001715
0.000759
0.001588
0.000852
0.004483
0.000216
0.000708
0.003752
0.001987
0.002206
0.003795
0.003111
0.003907
0.005879
0.001547
0.004784
0.000365
0.000481
0.001255
0.011109
0.003305
0.035106
0.000584
0.000934
0.001135
0.000600
0.005359
0.002088
0.014629
0.034651
0.000646
0.033533
0.001253
0.002196
0.000333
0.005388
0.001464
0.000485
0.000436
0.000883
0.002531
0.001171
0.002356
0.000510
0.006020
0.003274
0.000916
0.000778
0.002669
0.000953
0.001185
0.004085
0.002765
0.000501
0.002026
0.010646
0.007079
0.000872
0.000648
0.012797
0.001739
0.001989
0.000935
0.006770
0.002046
0.010852
0.001198
0.003809
0.012413
0.011976
0.000563
0.001317
0.000815
0.006562
0.000502
0.000943
0.000250
0.000977
0.001237
0.007539
0.000590
0.000991
0.004324
0.001345
0.000336
0.005583
0.001188
0.000759
0.000370
0.000183
0.006101
0.006534
0.001391
0.002897
0.002103
0.004162
0.000645
0.000228
0.000628
0.000839
0.000440
0.007402
0.001027
0.000866
0.000778
0.001439
0.001342
0.000705
0.000511
0.003258
0.011546
0.002770
0.000353
0.000658
0.006066
0.001680
0.001235
0.003176
0.001982
0.010434
0.005061
0.002751
0.002042
0.002561
0.016331
0.000865
0.008621
0.000940
0.001158
0.002287
0.001248
0.001648
0.000423
0.001470
0.004747
0.002396
0.000368
0.002108
0.000271
0.001185
0.001460
0.001652
0.002197
0.004285
0.001079
0.000701
0.037936
0.012698
0.000541
0.006533
0.012355
0.005393
0.000239
0.017150
0.006738
0.002338
0.002272
0.000554
0.008338
0.006827
0.000615
0.005529
0.000507
0.003357
0.000730
0.001205
0.001883
0.000894
0.000676
0.002793
0.002410
0.002423
0.000249
0.007790
0.001366
0.001059
0.002317
0.000316
0.005189
0.001999
0.000482
0.001227
0.012956
0.000567
0.001803
0.003410
0.003529
0.002283
0.000641
0.000388
0.001089
0.008862
0.000419
0.006745
0.002508
0.002588
0.001361
0.003365
0.001437
0.002101
0.003354
0.000697
0.000656
0.001503
0.000303
0.000214
0.000345
0.001226
0.005065
0.003691
0.000444
0.004591
0.001770
0.001233
0.000986
0.028342
0.000437
0.001635
0.000210
0.000589
0.007582
0.001643
0.000435
0.000363
0.048811
0.000793
0.004912
0.000875
0.000701
0.001287
0.000336
0.014874
0.000277
0.000927
0.000561
0.005458
0.000720
0.000282
0.000294
0.000801
0.001115
0.027790
0.003832
0.005406
0.001025
0.002389
0.001206
0.000575
0.000403
0.000481
0.002010
0.003262
0.001725
0.000358
0.006716
0.001517
0.001297
0.002303
0.004559
0.002627
0.001726
0.001625
0.025638
0.002786
0.001166
0.001308
0.000828
0.001876
0.001595
0.002119
0.001327
0.000269
0.004844
0.004556
0.000554
0.000820
0.005993
0.015491
0.016285
0.002210
0.001607
0.001084
0.002850
0.003873
0.001566
0.000696
0.001156
0.000395
0.002776
0.002476
0.001001
0.000721
0.001743
0.004952
0.003107
0.000493
0.003353
0.000340
0.000294
0.000667
0.000344
0.001440
0.003312
0.000925
0.006441
0.001363
0.000259
0.001328
0.002406
0.000318
0.000536
0.004319
0.000295
0.002929
0.170343
0.005619
0.000927
0.000665
0.000912
0.002781
0.000193
0.003589
0.001350
0.002855
0.001133
0.002820
0.014255
0.000584
0.000626
0.000528
0.000412
0.000233
0.007474
0.008839
0.000482
0.000885
0.002051
0.000588
0.008299
0.014648
0.004218
0.000363
0.027577
0.000899
0.007478
0.000476
0.002823
0.025013
0.001219
0.004845
0.000350
0.000653
0.000951
0.000977
0.000948
0.000654
0.001017
0.001254
0.005910
0.016538
0.001228
0.000218
0.000604
0.000701
0.003867
0.004404
0.000341
0.001451
0.000701
0.000886
0.000480
0.006112
0.000436
0.003993
0.004127
0.001124
0.007770
0.016531
0.000333
0.003104
0.001952
0.000910
0.000691
0.000532
0.002628
0.000959
0.002999
0.000296
0.002119
0.001272
0.000300
0.006226
0.003306
0.000347
0.004696
0.002400
0.000719
0.000595
0.000244
0.001876
0.001032
0.000245
0.009894
0.002054
0.003498
0.004410
0.003445
0.004636
0.000769
0.008066
0.001265
0.001210
0.005354
0.001207
0.001858
0.002564
0.002901
0.003230
0.008336
0.001310
0.000536
0.001238
0.007259
0.000999
0.001686
0.002114
0.002162
0.005401
0.000360
0.001146
0.004505
0.001183
0.006128
0.000511
0.000320
0.001009
0.000387
0.001200
0.019507
0.004202
0.000715
0.000373
0.001167
0.002046
0.000456
0.001686
0.015147
0.001052
0.003790
0.000612
0.002432
0.000631
0.005138
0.001607
0.002068
0.000384
0.000431
0.001172
0.000746
0.001596
0.002193
0.001337
0.001580
0.001188
0.004864
0.001259
0.003248
0.000835
0.005706
0.003211
0.002171
0.000422
0.000389
0.001317
0.003847
0.034878
0.001301
0.002576
0.012282
0.005378
0.000891
0.000205
0.000343
0.001285
0.000366
0.020795
0.001074
0.000635
0.001961
0.000403
0.000599
0.000785
0.000755
0.000556
0.000480
0.000266
0.001122
0.000417
0.000393
0.022452
0.012361
0.005151
0.000458
0.002094
0.001015
0.011439
0.001092
0.001618
0.001160
0.029369
0.001065
0.004255
0.000990
0.002894
0.004567
0.000684
0.001293
0.000620
0.000413
0.001593
0.000661
0.004493
0.000385
0.001846
0.002158
0.003863
0.001887
0.000451
0.001979
0.000776
0.000758
0.000963
0.000476
0.000839
0.000401
0.002196
0.000768
0.006453
0.000222
0.003988
0.001100
0.003021
0.007369
0.000817
0.007157
0.003630
0.001012
0.003303
0.001039
0.000403
0.000695
0.004459
0.010190
0.006907
0.001437
0.005018
0.000629
0.008300
0.015217
0.002986
0.006778
0.002032
0.003312
0.008218
0.001621
0.000681
0.000877
0.000943
0.000638
0.002813
0.000621
0.004297
0.000727
0.000550
0.001597
0.005400
0.002373
0.000511
0.000265
0.002522
0.000323
0.004920
0.002437
0.002251
0.009684
0.001069
0.006071
0.019392
0.002718
0.001614
0.002005
0.000889
0.001025
0.003935
0.003533
0.001036
0.002442
0.001300
0.000273
0.000468
0.000975
0.000376
0.008335
0.000462
0.001183
0.005783
0.000883
0.001490
0.000735
0.005711
0.007494
0.000239
0.000373
0.000596
0.002292
0.000368
0.005705
0.006062
0.000625
0.001860
0.001321
0.001162
0.003667
0.000938
0.001646
0.002016
0.000313
0.007724
0.000756
0.022305
0.019088
0.000287
0.000825
0.002291
0.000428
0.001823
0.000650
0.000559
0.000787
0.001670
0.000749
0.001216
0.000718
0.001810
0.000560
0.003699
0.017751
0.001379
0.000302
0.000704
0.015499
0.000493
0.002303
0.004594
0.004066
0.008444
0.001347
0.001080
