0.012513
0.002063
0.003617
0.000604
0.000370
0.017537
0.030698
0.000087
0.000808
0.000151
0.011114
0.000207
0.150583
0.033324
0.015712
0.000048
0.060392
0.004880
0.001571
0.006714
0.000650
0.009564
0.000844
0.004210
0.001865
0.041787
2.200589
0.063068
0.040745
0.003082
0.000795
0.000270
0.069766
0.008848
0.000413
0.104100
0.000343
0.018395
0.000289
0.000032
0.000235
0.266948
0.000715
0.000377
0.054493
0.007961
0.077721
0.000458
0.000046
0.000979
0.316148
0.009083
0.187979
0.000388
0.009175
0.292957
0.000141
0.090666
0.005847
0.001447
0.028741
0.000230
0.027601
0.000053
0.027421
0.000261
0.000089
0.000122
0.012849
0.001681
0.358580
0.000071
0.001386
0.003297
0.007543
0.000097
0.000091
0.027416
0.000130
0.045609
0.025429
0.029674
0.011918
0.007563
0.000133
0.000187
0.023661
0.007775
0.069683
0.000303
0.001052
0.000048
0.003394
0.000247
0.089500
0.000062
0.000750
0.000089
0.002436
0.000241
0.011286
0.037258
0.101248
0.001936
0.005723
0.060516
0.010094
0.002640
0.000260
0.034706
0.000432
0.000080
0.002337
0.000042
0.000389
0.000157
0.018841
0.000067
0.000550
0.000053
0.088259
0.394263
0.000445
0.093228
0.000638
0.000323
0.000148
0.000296
0.001141
0.039378
0.000036
0.064494
0.000728
0.038321
0.000784
0.000232
0.001915
0.000073
0.000094
0.488072
0.000049
0.000189
0.002757
0.000130
0.000037
0.001987
0.000240
0.006653
0.032358
0.005454
0.360982
0.006522
0.003888
0.041228
0.014740
0.003677
0.090397
0.114998
0.000200
0.000999
0.004095
0.122040
0.000463
0.000496
0.004195
0.006395
0.001424
0.195827
0.042687
0.000040
0.001253
0.057988
0.003733
0.006174
0.004806
0.020246
0.000207
0.013987
0.000500
0.000335
0.001723
0.012025
0.000439
0.000576
0.020767
0.000094
0.000716
0.343885
0.005380
0.000318
0.002744
0.000072
0.003405
0.001059
0.002207
0.024003
0.000209
0.000531
0.043170
0.004887
0.015502
0.001165
0.000250
0.000301
0.110778
0.180683
0.004787
0.057661
0.017879
0.000185
0.002626
0.004907
0.028943
0.262784
0.740100
0.002422
0.000366
0.000067
0.000265
0.658001
0.000079
0.000953
0.007387
0.001613
0.000081
0.000481
0.012180
0.001601
0.006800
0.028673
0.000442
0.057345
0.001106
0.062512
0.439921
0.086446
0.003269
0.006090
0.000417
0.000103
0.000294
0.000994
0.028343
0.001419
0.105529
0.013732
0.000242
0.038694
0.000426
0.008440
0.000398
0.001696
0.003212
0.000097
0.000262
0.000390
0.056967
0.190483
0.002259
0.076448
0.000320
0.020792
0.010884
0.037119
0.000708
0.004765
0.000039
0.000029
0.050679
0.005155
0.012321
0.014837
0.100249
0.013421
0.000399
0.089029
0.000917
0.000193
0.060100
0.549808
0.001245
0.001188
0.000384
0.000733
0.011737
0.002798
0.029631
0.000880
0.026955
0.010220
0.000222
0.000119
0.138661
0.000303
0.041525
0.000190
0.000833
0.012540
0.095039
5.589203
0.000180
0.147009
0.000066
0.107609
0.000042
0.000101
0.524976
0.004192
0.000662
0.000294
0.000787
0.001978
0.000038
0.000320
0.000467
0.000592
0.003398
0.004471
0.009380
0.070797
0.004731
0.000257
0.000436
0.004988
0.002726
0.001314
0.164090
0.036595
0.026725
0.000489
0.167705
0.000267
0.000405
0.002710
0.102499
0.000750
0.135353
1.153610
0.002584
0.000790
0.259107
0.006253
0.000796
0.001962
0.019392
0.000665
0.000223
0.000476
0.000892
0.006170
0.007811
0.205074
0.016586
0.008593
0.042120
0.000100
0.006719
0.000282
0.000294
0.000418
0.005396
0.023463
0.000777
0.043792
0.000097
0.002645
0.000142
0.004826
0.000881
0.009659
0.018904
0.001592
0.828965
0.000068
0.248911
0.086133
0.000040
0.000150
0.002878
0.013410
0.000252
0.143073
1.380445
0.000560
0.000041
1.605048
0.017386
0.000242
0.002331
0.127509
0.000108
0.000613
3.183015
0.008571
0.006536
0.651204
0.001420
0.000076
0.027225
0.001034
0.080976
0.463380
0.000259
0.001035
0.000100
0.053383
0.001194
0.000695
0.026069
0.000239
0.007036
0.000092
0.002846
0.004714
0.608220
0.500756
0.274985
0.000950
0.000646
0.000139
1.000732
0.000696
0.794721
0.000394
0.002565
0.000205
0.001669
0.000791
0.000135
0.031974
0.015687
0.000594
0.240861
0.000597
0.001042
0.002284
0.046869
0.000195
0.033259
0.000181
0.315943
0.000447
0.000058
0.082625
0.000066
0.013138
0.009393
0.002637
0.003323
0.000045
0.000088
0.002050
0.000085
0.002826
0.000975
0.451451
0.000088
0.000115
0.063327
0.011511
0.000159
0.000118
0.007916
0.001508
0.669530
0.017946
0.003359
0.472195
0.000348
0.160658
0.000401
0.101914
0.111005
0.001446
0.001169
0.000318
0.008404
0.001940
0.034764
0.000117
0.026486
0.014305
0.000041
0.006780
0.001350
0.002574
0.000145
0.000048
0.000162
0.091742
0.061299
0.057015
0.003939
0.000170
0.001154
0.176730
0.000634
0.005019
0.014587
0.005352
0.011290
0.001692
0.000381
0.003804
0.322828
0.000162
0.002288
0.000397
0.413059
0.000940
0.000174
0.000125
0.011792
0.000624
0.155475
0.000190
0.226276
0.000197
0.024721
0.000555
0.012368
0.000223
0.002172
0.009288
0.000334
0.000171
0.009680
0.000060
0.003818
0.009462
0.005613
0.117536
0.000252
0.200353
0.000041
5.868580
0.034510
0.001415
0.097967
0.003093
0.007160
0.000962
0.001100
0.003989
0.094917
0.127912
0.000048
0.780892
0.168368
0.050138
0.000065
0.007642
0.000081
0.006899
0.321484
0.000281
0.000047
0.011862
0.001439
0.011008
0.000405
0.532594
0.006066
0.000623
0.000772
0.025429
0.010788
0.050473
0.049715
0.000802
0.000467
0.017214
0.010922
0.000295
0.006770
0.010942
4.188951
0.000103
0.000171
0.017125
0.192778
0.012747
0.000049
0.007535
0.000028
0.000043
0.034010
0.000074
0.012300
0.037600
0.050652
0.000209
0.000531
0.000293
0.037529
0.017553
0.018278
0.016240
0.038897
0.004241
0.002699
0.001241
0.000250
0.000045
0.000274
0.002477
0.000389
0.018080
0.059998
0.000471
0.000181
0.000651
0.002764
0.001239
0.000161
0.000295
0.004710
0.000032
0.000797
0.028212
0.008665
0.000386
0.000356
0.000210
0.023538
0.000610
0.000457
0.127354
0.001456
0.002350
0.017988
0.009248
0.042519
0.003312
0.000425
0.000351
0.002362
0.012745
0.000968
0.328863
0.000334
0.000265
0.266796
0.060807
0.137360
0.165269
0.076124
0.000770
0.017635
0.001440
0.001219
0.000305
0.001299
0.081586
0.013277
0.003649
0.000227
0.001201
0.007281
0.036141
0.000117
0.372420
0.000237
0.004115
0.000494
0.039745
0.000107
0.002587
0.037386
0.035677
0.000084
0.005495
0.010864
0.201532
0.000748
0.003965
0.001565
0.000113
1.074848
0.000040
0.013627
0.040257
0.069412
0.001222
0.001809
0.097619
0.000059
0.002199
0.005150
0.094885
0.000090
0.000512
0.002747
0.045964
0.000438
0.000064
0.008333
0.261955
0.033785
0.000738
0.000740
0.121419
0.013238
0.123096
0.367804
0.000322
0.001839
0.000045
0.000352
0.000131
0.023818
0.002086
0.177067
0.006345
0.029844
0.000186
0.000315
0.000063
0.000934
0.003278
0.105800
0.001552
0.000057
0.018117
0.000061
0.000128
0.039753
0.000106
0.000061
0.000179
0.009279
0.016747
0.000351
0.000542
0.003990
0.061767
0.011660
0.005158
0.004783
0.010239
0.022752
0.000697
0.003484
0.023460
0.000131
0.006019
0.005647
0.000512
0.000511
0.000951
0.099360
0.000040
0.004569
0.377925
0.020790
0.001308
0.010156
0.009265
0.000504
0.000676
0.000267
0.158261
0.006490
0.006674
0.000126
0.001847
0.001058
0.000053
0.001217
0.000371
0.000233
0.001915
0.003049
0.000486
0.020057
0.003413
0.001489
0.000037
0.053099
0.000930
0.000343
0.000034
0.001148
0.003066
0.000711
0.002184
0.000245
0.093497
0.000088
0.276947
0.006674
0.000092
0.023127
0.030010
0.000031
0.090248
0.005153
0.146133
0.000237
0.009180
0.000064
0.001678
0.007800
1.573397
0.171828
0.036305
0.000238
0.000232
0.001034
0.000126
0.000787
0.557416
0.045094
0.002180
0.027273
0.027120
0.000364
3.642832
0.000420
0.037518
0.000806
0.019043
0.000204
0.001356
0.005798
1.781607
0.000465
0.147958
0.205865
0.009937
0.281141
0.001309
0.024252
0.000187
0.001700
0.000461
0.007713
0.757785
1.869169
0.000349
0.000782
0.000701
0.010898
0.038656
0.002488
0.000179
0.376287
0.000675
0.079666
0.000413
0.017397
0.008151
0.002976
0.005826
0.008103
0.196402
0.000229
0.006798
0.000881
0.000445
0.000121
0.306854
0.000505
0.007731
0.016050
0.005602
0.018805
0.000186
0.001419
0.022963
1.446981
0.001264
0.000195
0.055953
0.102857
0.000480
0.000064
0.019830
0.035989
0.042184
0.000053
0.028581
0.036324
0.000223
0.000174
0.004830
0.003624
0.000086
0.000832
0.001287
0.001492
0.001831
0.000355
0.047517
0.000127
0.003124
0.000432
0.027199
0.015994
0.088296
0.000853
0.000372
0.005144
0.048419
0.000035
0.000217
0.056568
4.493919
0.189007
0.278557
0.001739
0.002363
0.001494
0.012281
0.006910
0.000301
0.007977
0.169156
0.000520
0.049877
0.000234
0.000894
0.000849
0.036867
0.000142
0.111512
0.053270
0.044994
0.000041
0.000084
0.000203
0.303221
0.025814
0.003563
0.041999
0.752451
0.001326
0.000047
0.055076
0.000156
0.045453
0.038856
0.000695
0.410302
0.681374
0.000091
0.392937
0.001473
0.000636
0.000083
0.008758
0.044832
0.003911
0.090372
0.000137
0.018355
0.000593
0.000241
0.006705
0.008807
0.002344
0.000145
0.000218
0.170529
0.000680
0.000713
0.000026
1.107525
0.000175
0.002438
0.019037
0.001114
0.033624
0.000330
0.000151
0.286145
0.000113
0.000046
0.000777
0.000133
0.010508
0.000664
0.000780
0.000898
0.000281
0.000603
0.019467
0.085763
0.127723
0.013248
0.120802
0.000189
0.002451
0.008938
0.000878
0.000286
0.000045
0.007927
0.000624
0.000311
