0.022859
0.014919
0.000873
0.000868
0.000171
0.001103
0.000247
0.008977
0.015070
0.005425
0.002504
0.000125
0.048411
0.000050
0.000130
0.000762
0.000087
0.000046
0.001263
0.001549
0.010218
0.002106
0.002677
0.028645
0.002042
0.000889
0.001120
0.024584
0.000819
0.001072
0.004130
0.030057
0.005031
0.002669
0.000209
0.001260
0.036418
0.022533
0.000077
0.001764
0.000746
0.024246
0.000494
0.002027
0.001455
0.006794
0.008449
0.002771
0.006596
0.107664
0.000067
0.002177
0.000741
0.004498
0.009331
0.006219
0.000101
0.000170
0.001372
0.021694
0.000068
0.000689
0.002372
0.002396
0.000081
0.000543
0.001209
0.000249
0.006572
0.008699
0.001007
0.000469
0.000201
0.001675
0.001483
0.000210
0.006853
0.000539
0.012772
0.000252
0.000731
0.000050
0.013345
0.015221
0.005913
0.001940
0.000529
0.000680
0.000420
0.001867
0.000486
0.001816
0.000106
0.000103
0.000173
0.018798
0.000145
0.005118
0.016662
0.002370
0.000521
0.000382
0.003101
0.012383
0.000528
0.000451
0.001599
0.000106
0.000075
0.000386
0.000185
0.000428
0.002937
0.008242
0.000086
0.001182
0.003102
0.005214
0.000245
0.004344
0.007531
0.003263
0.000585
0.011287
0.000720
0.284145
0.000875
0.000082
0.001912
0.000065
0.000093
0.000167
0.002658
0.002006
0.006647
0.003514
0.004736
0.000386
0.000197
0.000762
0.005268
0.000624
0.000285
0.000307
0.010436
0.000852
0.001209
0.001592
0.000843
0.018876
0.000448
0.001957
0.000990
0.000096
0.007021
0.000040
0.001500
0.007556
0.000629
0.021867
0.323674
0.026224
0.000270
0.000651
0.044446
0.000802
0.000495
0.000108
0.000689
0.002676
0.007136
0.001972
0.000106
0.001249
0.003724
0.000131
0.019556
0.000592
0.001668
0.008879
0.005388
0.003261
0.003441
0.000288
0.001807
0.000150
0.012808
0.000746
0.020453
0.000535
0.002263
0.002835
0.000428
0.000357
0.000035
0.000206
0.002386
0.000257
0.000553
0.020232
0.000036
0.004688
0.000152
0.002883
0.000504
0.001371
0.000056
0.000846
0.016087
0.004185
0.004550
0.000231
0.021557
0.018316
0.000067
0.002018
0.003555
0.000808
0.001794
0.000060
0.000076
0.000085
0.000059
0.000044
0.000263
0.001642
0.002547
0.000112
0.079430
0.001094
0.000861
0.000346
0.001584
0.001787
0.001426
0.000227
0.006343
0.000287
0.001263
0.000069
0.000443
0.003856
0.000157
0.018585
0.046560
0.000310
0.005106
0.000088
0.000161
0.006576
0.000187
0.000086
0.020903
0.004161
0.003733
0.001235
0.014129
0.006599
0.000324
0.000115
0.011502
0.011860
0.000230
0.033693
0.003742
0.005576
0.000132
0.000505
0.000112
0.003353
0.007974
0.004370
0.012023
0.000324
0.002436
0.002216
0.010367
0.000188
0.010756
0.000077
0.000961
0.000378
0.002391
0.000054
0.064870
0.008819
0.000041
0.000110
0.001612
0.002495
0.000401
0.000834
0.000521
0.004324
0.010374
0.001413
0.002400
0.001724
0.000402
0.002996
0.000159
0.001181
0.000801
0.000257
0.001191
0.013367
0.000426
0.000450
0.004068
0.000333
0.013189
0.010924
0.050020
0.011223
0.012916
0.000033
0.000037
0.000851
0.002365
0.000249
0.222139
0.006099
0.000046
0.000279
0.001718
0.000053
0.000235
0.000182
0.000067
0.000122
0.000650
0.022507
0.034069
0.002233
0.007145
0.009855
0.002795
0.000073
0.040370
0.006482
0.000052
0.000061
0.001830
0.005573
0.004064
0.000297
0.003093
0.000186
0.050408
0.000251
0.000051
0.000128
0.000099
0.000200
0.000308
0.095630
0.001202
0.000242
0.022303
0.001500
0.044602
0.000229
0.008714
0.064483
0.001070
0.000100
0.006831
0.002661
0.002357
0.000067
0.004189
0.000084
0.004468
0.001309
0.008544
0.011034
0.001015
0.000059
0.002284
0.000866
0.000030
0.010938
0.005017
0.001642
0.009607
0.000526
0.000185
0.006347
0.002873
0.037957
0.036915
0.000043
0.000032
0.015555
0.000488
0.000924
0.044599
0.002194
0.000134
0.001464
0.037765
0.000572
0.008762
0.006200
0.017866
0.001769
0.000273
0.000403
0.002469
0.000148
0.020772
0.000249
0.022037
0.003422
0.002632
0.001147
0.001325
0.002137
0.002489
0.000593
0.002392
0.005064
0.004352
0.000048
0.002854
0.000272
0.001428
0.000551
0.014052
0.018771
0.011348
0.013224
0.000362
0.000220
0.000044
0.001110
0.001245
0.000500
0.002240
0.000044
0.001199
0.041356
0.024928
0.000177
0.026333
0.000078
0.002469
0.000493
0.005218
0.000231
0.003476
0.051404
0.004180
0.000143
0.002314
0.023880
0.001330
0.000773
0.001059
0.194092
0.000429
0.001085
0.000370
0.000227
0.000288
0.000722
0.007891
0.009290
0.002589
0.011031
0.000775
0.011838
0.000259
0.001352
0.000049
0.003721
0.000289
0.000149
0.001287
0.000099
0.000906
0.000499
0.081285
0.001226
0.000164
0.001263
0.000538
0.013018
0.019696
0.001638
0.013216
0.000434
0.000090
0.000277
0.012667
0.003745
0.001883
0.000447
0.003905
0.015488
0.000554
0.000249
0.001219
0.015229
0.007579
0.004551
0.021890
0.000436
0.004966
0.002666
0.000037
0.000303
0.002789
0.000432
0.009347
0.000603
0.000051
0.001931
0.002114
0.001236
0.000103
0.001061
0.001212
0.088152
0.002026
0.001703
0.002206
0.002303
0.001089
0.016625
0.000064
0.000047
0.005350
0.003576
0.000541
0.000971
0.000146
0.010535
0.008544
0.003096
0.013021
0.000072
0.000795
0.003758
0.032008
0.016988
0.000257
0.000508
0.000091
0.018938
0.000044
0.000419
0.000300
0.000832
0.013457
0.016504
0.000208
0.000495
0.004329
0.000329
0.011926
0.000373
0.005153
0.000299
0.000084
0.002393
0.000422
0.017964
0.000123
0.000144
0.002796
0.003699
0.000492
0.021649
0.009538
0.014263
0.000171
0.000993
0.000134
0.000042
0.031798
0.000081
0.007951
0.000273
0.000267
0.001175
0.000714
0.001360
0.000899
0.009051
0.003892
0.000304
0.000062
0.011529
0.000729
0.003423
0.001644
0.000274
0.080398
0.056711
0.006690
0.001889
0.000258
0.023029
0.000303
0.000815
0.000431
0.001688
0.020273
0.001075
0.019176
0.006657
0.137254
0.000224
0.000914
0.000112
0.000107
0.000294
0.000072
0.000054
0.001871
0.000029
0.000345
0.001622
0.005299
0.006257
0.065558
0.010679
0.000140
0.002338
0.000389
0.004552
0.000031
0.012266
0.000350
0.000098
0.011390
0.040844
0.045531
0.082747
0.000572
0.117348
0.004419
0.002623
0.013626
0.007995
0.002517
0.000856
0.001213
0.001741
0.001493
0.039200
0.000045
0.058644
0.001083
0.000988
0.001009
0.000060
0.004831
0.032456
0.000449
0.014947
0.009529
0.000319
0.003022
0.016793
0.003776
0.012099
0.000170
0.000079
0.000312
0.000302
0.002646
0.000344
0.000115
0.002144
0.000234
0.009983
0.007588
0.000232
0.000326
0.370825
0.003065
0.041752
0.014028
0.003960
0.000980
0.000350
0.000050
0.007769
0.002614
0.011829
0.114681
0.000205
0.002911
0.024419
0.003029
0.000379
0.005380
0.002667
0.002548
0.030480
0.038307
0.000379
0.014804
0.000108
0.009106
0.002320
0.000220
0.001476
0.000914
0.012822
0.001807
0.004675
0.017949
0.000837
0.004442
0.000106
0.005793
0.015173
0.000256
0.000550
0.003480
0.002000
0.000102
0.002039
0.002822
0.000311
0.002805
0.000358
0.000901
0.001050
0.000041
0.004278
0.079463
0.005777
0.003655
0.021935
0.000866
0.000100
0.002673
0.000167
0.109159
0.000086
0.001054
0.003055
0.002969
0.000711
0.026157
0.000788
0.008370
0.000145
0.000591
0.000392
0.019373
0.004154
0.000361
0.034428
0.009064
0.001918
0.002695
0.022752
0.000708
0.005670
0.000078
0.000111
0.000499
0.001034
0.000870
0.000808
0.000058
0.000072
0.007048
0.000079
0.000123
0.004170
0.098430
0.000096
0.000198
0.000192
0.032585
0.000118
0.005557
0.002021
0.000637
0.000102
0.000049
0.002538
0.000065
0.000388
0.000749
0.001128
0.001854
0.000485
0.001515
0.000079
0.001081
0.011191
0.009446
0.000976
0.000270
0.001005
0.018538
0.020476
0.001581
0.076987
0.000862
0.000036
0.000081
0.016029
0.000083
0.020123
0.046069
0.006452
0.064685
0.000144
0.007567
0.016009
0.008789
0.000388
0.002239
0.002189
0.000413
0.003360
0.000598
0.000986
0.008494
0.023582
0.000124
0.022892
0.001876
0.030337
0.000758
0.008628
0.003253
0.000437
0.000061
0.019134
0.001012
0.007110
0.000059
0.001574
0.005191
0.016303
0.008340
0.000034
0.000210
0.004461
0.000940
0.000859
0.027659
0.000088
0.000812
0.000415
0.001752
0.000839
0.002636
0.000068
0.018146
0.000059
0.000185
0.048832
0.000202
0.020590
0.001798
0.018396
0.009078
0.013771
0.000411
0.001395
0.022778
0.006484
0.000177
0.000166
0.009898
0.000050
0.002931
0.000127
0.000304
0.005321
0.070075
0.000281
0.001459
0.001467
0.000450
0.000052
0.000696
0.000307
0.000173
0.002096
0.001155
0.001186
0.105284
0.000436
0.000357
0.001708
0.000439
0.003241
0.013708
0.004338
0.000113
0.001081
0.000697
0.009867
0.000846
0.001017
0.005385
0.011321
0.000093
0.000104
0.000112
0.011663
0.000026
0.052744
0.006274
0.003936
0.006298
0.000155
0.000711
0.000122
0.001894
0.000964
0.001486
0.000712
0.003444
0.002261
0.004904
0.006653
0.975939
0.054402
0.001859
0.000746
0.001632
0.000117
0.026571
0.000437
0.011042
0.001421
0.032796
0.040106
0.000587
0.001337
0.000245
0.000510
0.000447
0.006046
0.002520
0.010047
0.002108
0.000626
0.000458
0.008282
0.002203
0.013152
0.001682
0.001277
0.000572
0.002826
0.427626
0.007900
0.000284
0.000876
0.000057
0.000509
0.000654
0.000043
0.000177
0.013965
0.000374
0.014012
0.007829
0.000113
0.004937
0.014479
0.002979
0.016715
0.044275
0.000366
0.000223
0.003076
0.000389
0.000177
0.000890
0.018421
0.000274
0.005314
0.018852
0.000211
0.001125
0.000310
0.000878
0.000577
0.000210
0.001605
0.000199
0.001590
0.002895
0.000035
0.001244
0.016447
