0.004290
0.000166
0.001845
0.032808
0.003463
0.000127
0.000239
0.008875
0.002219
0.003095
0.000668
0.000351
0.001956
0.000099
0.005153
0.000209
0.000414
0.007584
0.001104
0.000471
0.000984
0.000738
0.002648
0.000089
0.004953
0.000973
0.001358
0.000323
0.000073
0.000257
0.000264
0.004101
0.003631
0.000953
0.000283
0.005949
0.000970
0.000049
0.003897
0.010219
0.000403
0.000114
0.000522
0.000086
0.000534
0.010076
0.013699
0.011319
0.000611
0.001034
0.000368
0.000274
0.031859
0.000203
0.000205
0.003790
0.000494
0.006256
0.000368
0.000029
0.001935
0.002116
0.000421
0.000323
0.000144
0.004765
0.000148
0.001283
0.000557
0.001857
0.000942
0.000517
0.000300
0.000420
0.000029
0.000034
0.000027
0.001490
0.000761
0.003716
0.000171
0.001715
0.000155
0.000165
0.000041
0.004630
0.002595
0.003707
0.001142
0.001557
0.000039
0.000074
0.005866
0.000061
0.000490
0.000171
0.000432
0.001048
0.013843
0.000092
0.004860
0.000654
0.000207
0.000131
0.000280
0.001299
0.014211
0.000338
0.001433
0.009340
0.013035
0.000170
0.000098
0.005077
0.000251
0.000122
0.015158
0.000502
0.000133
0.001227
0.000597
0.000082
0.003153
0.000323
0.000030
0.000096
0.000079
0.000569
0.001000
0.000434
0.000599
0.006712
0.002209
0.000074
0.000103
0.000031
0.001879
0.000152
0.001798
0.000276
0.000062
0.000473
0.002366
0.000039
0.001126
0.000030
0.000490
0.000122
0.003833
0.000163
0.000202
0.000050
0.001301
0.002135
0.000071
0.000136
0.000067
0.000924
0.000696
0.001466
0.000385
0.004546
0.001166
0.013761
0.000060
0.000308
0.000349
0.000218
0.029394
0.000136
0.000045
0.001141
0.000802
0.000035
0.000131
0.001071
0.000172
0.007077
0.000603
0.002157
0.000397
0.006717
0.001132
0.001583
0.000129
0.000868
0.000058
0.002598
0.000124
0.003840
0.000146
0.000398
0.004008
0.000748
0.001707
0.000389
0.004364
0.005553
0.007939
0.000055
0.000615
0.000694
0.000296
0.000553
0.011365
0.000218
0.002494
0.000062
0.000437
0.000201
0.000456
0.000262
0.003259
0.004235
0.007059
0.000317
0.000808
0.000032
0.000109
0.000111
0.025211
0.000227
0.001305
0.000453
0.003297
0.000463
0.001067
0.000609
0.000583
0.009699
0.000109
0.001829
0.000060
0.000095
0.000092
0.000148
0.000168
0.003473
0.000064
0.000145
0.000791
0.028778
0.000286
0.001254
0.000669
0.000630
0.051083
0.000172
0.000037
0.008417
0.000433
0.000553
0.000243
0.000423
0.000078
0.000755
0.000581
0.000755
0.007278
0.002153
0.026783
0.000754
0.062681
0.000262
0.000142
0.004966
0.002281
0.000107
0.000858
0.000794
0.000118
0.001932
0.000112
0.000359
0.000071
0.000230
0.000165
0.000145
0.000295
0.000089
0.000140
0.000513
0.000841
0.000077
0.001250
0.000806
0.001192
0.000043
0.000086
0.000037
0.000098
0.001071
0.000255
0.000598
0.001188
0.000346
0.000503
0.000250
0.000137
0.000442
0.000285
0.000184
0.000423
0.000066
0.000062
0.000162
0.000103
0.003506
0.000195
0.000368
0.000122
0.000369
0.007237
0.001384
0.000288
0.002579
0.001027
0.000278
0.000029
0.005295
0.004022
0.001211
0.000047
0.002289
0.000280
0.000105
0.000800
0.002090
0.000469
0.004432
0.000475
0.000114
0.000025
0.000583
0.007325
0.000129
0.000348
0.000180
0.000173
0.000350
0.002885
0.000199
0.003351
0.000184
0.000085
0.000650
0.000229
0.000110
0.005262
0.000079
0.000051
0.000820
0.000063
0.006190
0.000046
0.000026
0.000096
0.001515
0.000329
0.000036
0.000154
0.002777
0.000646
0.000169
0.001036
0.000447
0.000121
0.000053
0.000158
0.000833
0.000853
0.002754
0.000076
0.000307
0.000096
0.000239
0.000050
0.000169
0.000573
0.000048
0.000298
0.000079
0.000042
0.000513
0.005056
0.000160
0.004672
0.000497
0.007948
0.001321
0.000113
0.000078
0.002906
0.000952
0.000378
0.002195
0.000074
0.000579
0.000094
0.000187
0.002829
0.000050
0.002456
0.000129
0.000375
0.000145
0.000034
0.000701
0.000061
0.000819
0.000081
0.000422
0.003455
0.004783
0.001088
0.004729
0.000449
0.000098
0.000031
0.000517
0.000076
0.000387
0.006599
0.000448
0.000442
0.000506
0.001658
0.014314
0.000116
0.000116
0.001262
0.014902
0.000293
0.003378
0.000841
0.000219
0.000234
0.000945
0.000110
0.000689
0.000644
0.000779
0.000214
0.000149
0.000165
0.000388
0.001567
0.000034
0.001327
0.000226
0.000212
0.000919
0.000147
0.000049
0.000046
0.000025
0.000236
0.000097
0.000041
0.015270
0.000144
0.000959
0.001353
0.000041
0.000086
0.001231
0.000062
0.000472
0.000180
0.000078
0.002687
0.007321
0.000307
0.000518
0.002359
0.001423
0.000028
0.011873
0.000752
0.000607
0.000105
0.001099
0.000436
0.008104
0.000051
0.000239
0.000275
0.000838
0.000103
0.000472
0.001878
0.003515
0.002073
0.000022
0.000958
0.002019
0.004306
0.000434
0.000413
0.007293
0.000915
0.007042
0.001066
0.000166
0.003522
0.000994
0.000208
0.058098
0.000043
0.000816
0.008804
0.002516
0.000027
0.000251
0.000158
0.000041
0.000194
0.002252
0.000613
0.000167
0.007269
0.000098
0.003859
0.000986
0.000027
0.000441
0.003061
0.001287
0.002144
0.000161
0.000529
0.001640
0.000038
0.000068
0.000406
0.000040
0.001248
0.000067
0.000174
0.004198
0.000796
0.001018
0.000044
0.000341
0.021265
0.000186
0.000658
0.000110
0.001245
0.000626
0.000248
0.000678
0.001149
0.000636
0.000082
0.000132
0.000691
0.000081
0.000949
0.005806
0.000239
0.000548
0.000620
0.000151
0.002408
0.003498
0.000669
0.000213
0.001000
0.000621
0.000191
0.000079
0.000041
0.001093
0.021658
0.001122
0.001896
0.001253
0.000172
0.000150
0.001223
0.000105
0.000362
0.000245
0.007250
0.000153
0.000089
0.000637
0.000061
0.002379
0.001055
0.000274
0.000237
0.000152
0.006197
0.000165
0.007084
0.009920
0.001587
0.000153
0.003149
0.001889
0.000062
0.000040
0.000095
0.000606
0.000040
0.000338
0.000056
0.000234
0.002167
0.000030
0.000069
0.005375
0.000047
0.000375
0.000090
0.000072
0.001535
0.000428
0.000065
0.003828
0.000091
0.016824
0.000119
0.000085
0.000430
0.009926
0.030453
0.000372
0.000115
0.003300
0.000039
0.002426
0.001633
0.000141
0.000111
0.001334
0.014265
0.002284
0.020117
0.001213
0.000303
0.021639
0.021931
0.000131
0.000078
0.000072
0.000225
0.000971
0.000520
0.000728
0.000123
0.000890
0.000090
0.000138
0.000706
0.000217
0.000339
0.005145
0.000043
0.000296
0.000132
0.000115
0.000053
0.010210
0.004767
0.000950
0.008546
0.003786
0.000431
0.014657
0.000201
0.000034
0.000999
0.001347
0.000245
0.000465
0.000810
0.006182
0.000094
0.000060
0.038178
0.000194
0.000731
0.000169
0.001266
0.000377
0.000172
0.002090
0.000169
0.000735
0.000897
0.086916
0.000207
0.000222
0.002587
0.001367
0.000103
0.000251
0.000289
0.000859
0.000556
0.000520
0.000120
0.000493
0.000038
0.000056
0.000306
0.013451
0.000973
0.000608
0.000082
0.000157
0.001190
0.000821
0.000140
0.001787
0.000198
0.003658
0.000039
0.001440
0.002663
0.000073
0.000281
0.000084
0.000133
0.001755
0.001472
0.000265
0.135314
0.000037
0.000060
0.000234
0.003235
0.000104
0.002331
0.000149
0.004078
0.000125
0.000629
0.001378
0.000056
0.006839
0.001167
0.000358
0.000066
0.002528
0.001742
0.000068
0.002352
0.000238
0.000042
0.001268
0.001246
0.002124
0.000737
0.016397
0.001486
0.036176
0.000457
0.000036
0.002158
0.000037
0.001812
0.001572
0.000159
0.000568
0.002634
0.001199
0.000196
0.000459
0.011435
0.004282
0.000112
0.000393
0.000879
0.000026
0.000128
0.000223
0.002927
0.000094
0.003584
0.000044
0.000487
0.000109
0.000738
0.000038
0.000031
0.000052
0.002470
0.000176
0.000553
0.000048
0.000030
0.000103
0.012865
0.001314
0.000135
0.002220
0.000278
0.001345
0.002638
0.009570
0.001867
0.000985
0.000088
0.000081
0.000209
0.000022
0.003999
0.000215
0.002023
0.000187
0.000133
0.000450
0.003652
0.000110
0.000824
0.000645
0.000712
0.009277
0.000343
0.000280
0.000230
0.000038
0.003179
0.000085
0.001929
0.000024
0.001469
0.000201
0.000197
0.001003
0.000223
0.000129
0.002332
0.000071
0.000875
0.000414
0.000428
0.000116
0.000073
0.000075
0.000051
0.000174
0.000166
0.000098
0.000077
0.005757
0.000142
0.002015
0.000449
0.000145
0.000072
0.001122
0.000108
0.001843
0.001592
0.000059
0.000423
0.013878
0.000555
0.000623
0.000140
0.000076
0.000086
0.001285
0.000318
0.000221
0.001584
0.000054
0.000403
0.000311
0.000150
0.000252
0.000270
0.000218
0.000779
0.001956
0.002109
0.024891
0.000673
0.000046
0.001743
0.000194
0.001002
0.000880
0.000101
0.002048
0.000532
0.000764
0.000063
0.001098
0.000952
0.001536
0.005414
0.000135
0.000114
0.000140
0.001083
0.000777
0.000325
0.000243
0.000623
0.002173
0.000908
0.000055
0.000672
0.000038
0.000229
0.000076
0.005636
0.000716
0.000084
0.000121
0.002725
0.000544
0.001981
0.000257
0.000111
0.000155
0.000997
0.000261
0.000117
0.000040
0.000532
0.000301
0.001534
0.005997
0.000059
0.001804
0.001327
0.002031
0.001400
0.000234
0.000146
0.001589
0.000050
0.000037
0.000426
0.000297
0.047442
0.001944
0.000243
0.001032
0.000894
0.000031
0.000152
0.000054
0.000043
0.000144
0.001581
0.002399
0.000127
0.000080
0.000094
0.003124
0.000051
0.000114
0.000076
0.000163
0.000110
0.000447
0.000707
0.000829
0.000252
0.002305
0.002238
0.000259
0.001034
0.000388
0.000150
0.001286
0.000080
0.000352
0.000493
0.001824
0.000579
0.000306
0.000267
0.000048
0.000749
0.000074
0.001592
0.000118
0.000062
0.004322
0.000263
0.001261
0.000203
0.000160
0.000142
0.001118
0.000449
0.000437
0.000216
0.000143
0.003251
0.001173
